0 0 Car 0 0.3 0 0 0 0 0 2.04 2.14 5.56 -0.025005214414606815 1.61 32.760004193211756 -1.57
0 1 Car 0 0.3 0 0 0 0 0 1.48 2.16 4.8 -4.094393535354605 1.59 102.3606254454204 1.57
1 0 Car 0 0.3 0 0 0 0 0 2.04 2.14 5.56 -0.025057052845024387 1.6 32.42000419716356 -1.57
1 1 Car 0 0.3 0 0 0 0 0 1.48 2.16 4.8 -4.034488064954507 1.62 101.74061630466831 1.57
2 0 Car 0 0.3 0 0 0 0 0 2.04 2.14 5.56 -0.025162254365577702 1.6 31.730004205183384 -1.57
2 1 Car 0 0.3 0 0 0 0 0 1.48 2.16 4.8 -4.034637481606888 1.61 100.7606163160588 1.57
3 0 Car 0 0.3 0 0 0 0 0 2.04 2.14 5.56 -0.025162254365577702 1.6 31.730004205183384 -1.57
3 1 Car 0 0.3 0 0 0 0 0 1.48 2.16 4.8 -4.034681696738715 1.61 100.47061631942944 1.57
4 0 Car 0 0.3 0 0 0 0 0 2.04 2.14 5.56 -0.015265931342642215 1.61 31.05000268842726 -1.57
4 1 Car 0 0.3 0 0 0 0 0 1.48 2.16 4.8 -4.024829588847606 1.61 99.50061480604397 1.57
5 0 Car 0 0.3 0 0 0 0 0 2.04 2.14 5.56 -0.01531776977305979 1.61 30.71000269237906 -1.57
5 1 Car 0 0.3 0 0 0 0 0 1.48 2.16 4.8 -4.014925642526079 1.61 98.8706132887067 1.57
6 0 Car 0 0.3 0 0 0 0 0 2.04 2.14 5.56 -0.005369608319706728 1.61 30.37000117167114 -1.57
6 1 Car 0 0.3 0 0 0 0 0 1.48 2.16 4.8 -4.015021696088324 1.6 98.24061329602914 1.57
7 0 Car 0 0.3 0 0 0 0 0 2.04 2.14 5.56 -0.005369608319706728 1.61 30.37000117167114 -1.57
7 1 Car 0 0.3 0 0 0 0 0 1.48 2.16 4.8 -4.015067435879869 1.6 97.94061329951603 1.57
8 0 Car 0 0.3 0 0 0 0 0 2.04 2.14 5.56 -0.005454989263923909 1.6 29.810001178179984 -1.57
8 1 Car 0 0.3 0 0 0 0 0 1.48 2.16 4.8 -4.0052153279887595 1.6 96.97061178613056 1.57
9 0 Car 0 0.3 0 0 0 0 0 2.04 2.14 5.56 -0.0054870071180053515 1.6 29.600001180620804 -1.57
9 1 Car 0 0.3 0 0 0 0 0 1.48 2.16 4.8 -4.005311381551004 1.6 96.34061179345302 1.57
10 0 Car 0 0.3 0 0 0 0 0 2.04 2.14 5.56 -0.0054671865416692205 1.6 29.73000117910982 -1.57
10 1 Car 0 0.3 0 0 0 0 0 1.48 2.16 4.8 -4.005355596682831 1.6 96.05061179682366 1.57
11 0 Car 0 0.3 0 0 0 0 0 2.04 2.14 5.56 -0.005552567485886401 1.6 29.170001185618666 -1.57
11 1 Car 0 0.3 0 0 0 0 0 1.48 2.16 4.8 -4.005505013335211 1.6 95.07061180821414 1.57
12 0 Car 0 0.3 0 0 0 0 0 2.04 2.14 5.56 -0.00553274690955027 1.6 29.300001184107686 -1.57
12 1 Car 0 0.3 0 0 0 0 0 1.48 2.16 4.8 -4.0055492284670375 1.6 94.7806118115848 1.57
13 0 Car 0 0.3 0 0 0 0 0 2.04 2.14 5.56 -0.005618127853767451 1.6 28.740001190616525 -1.57
13 1 Car 0 0.3 0 0 0 0 0 1.48 2.16 4.8 -4.0056971204597 1.6 93.81061182285904 1.57
14 0 Car 0 0.3 0 0 0 0 0 2.04 2.14 5.56 -0.0055983072774313195 1.6 28.870001189105547 -1.57
14 1 Car 0 0.3 0 0 0 0 0 1.48 2.16 4.8 -4.005741335591526 1.6 93.5206118262297 1.57
15 0 Car 0 0.3 0 0 0 0 0 2.04 2.14 5.56 -0.005683688221648501 1.6 28.31000119561439 -1.57
15 1 Car 0 0.3 0 0 0 0 0 1.48 2.16 4.8 -4.005889227584188 1.6 92.55061183750394 1.57
16 0 Car 0 0.3 0 0 0 0 0 2.04 2.14 5.56 -0.005663867645312369 1.6 28.44000119410341 -1.57
16 1 Car 0 0.3 0 0 0 0 0 1.48 2.16 4.8 -4.005933442716015 1.6 92.2606118408746 1.57
17 0 Car 0 0.3 0 0 0 0 0 2.04 2.14 5.56 -0.00574924858952955 1.6 27.880001200612252 -1.57
17 1 Car 0 0.3 0 0 0 0 0 1.48 2.16 4.8 -4.006082859368394 1.6 91.28061185226508 1.57
18 0 Car 0 0.3 0 0 0 0 0 2.04 2.14 5.56 -0.005729428013193419 1.6 28.01000119910127 -1.57
18 1 Car 0 0.3 0 0 0 0 0 1.48 2.16 4.8 -4.006127074500221 1.6 90.99061185563572 1.57
19 0 Car 0 0.3 0 0 0 0 0 2.04 2.14 5.56 0.004185190926360036 1.6 27.449999680950395 -1.57
19 1 Car 0 0.3 0 0 0 0 0 1.48 2.16 4.8 -3.996274966609113 1.6 90.02061034225025 1.57
20 0 Car 0 0.3 0 0 0 0 0 2.04 2.14 5.56 0.004153173072278593 1.6 27.23999968339121 -1.57
20 1 Car 0 0.3 0 0 0 0 0 1.48 2.16 4.8 -3.9963710201713574 1.6 89.3906103495727 1.57
21 0 Car 0 0.3 0 0 0 0 0 2.04 2.14 5.56 0.00412115521819715 1.6 27.02999968583203 -1.57
21 1 Car 0 0.3 0 0 0 0 0 1.48 2.16 4.8 -3.99646859839332 1.6 88.75061035701138 1.57
22 0 Car 0 0.3 0 0 0 0 0 2.04 2.14 5.56 0.004087612704397543 1.6 26.809999688389073 -1.57
22 1 Car 0 0.3 0 0 0 0 0 1.48 2.16 4.8 -3.996564651955564 1.6 88.12061036433384 1.57
23 0 Car 0 0.3 0 0 0 0 0 2.04 2.14 5.56 0.0040555948503161006 1.6 26.599999690829893 -1.57
23 1 Car 0 0.3 0 0 0 0 0 1.48 2.16 4.8 -3.9966607055178085 1.6 87.49061037165627 1.57
24 0 Car 0 0.3 0 0 0 0 0 2.04 2.14 5.56 0.004073890766934068 1.6 26.719999689435138 -1.57
24 1 Car 0 0.3 0 0 0 0 0 1.48 2.16 4.8 -3.9967049206496355 1.6 87.20061037502694 1.57
25 0 Car 0 0.3 0 0 0 0 0 2.04 2.14 5.56 0.003990034482435051 1.6 26.169999695827755 -1.57
25 1 Car 0 0.3 0 0 0 0 0 1.48 2.16 4.8 -3.996852812642297 1.6 86.23061038630118 1.57
26 0 Car 0 0.3 0 0 0 0 0 2.04 2.14 5.56 0.004009855058771182 1.6 26.299999694316774 -1.57
26 1 Car 0 0.3 0 0 0 0 0 1.48 2.16 4.8 -3.996897027774124 1.6 85.94061038967183 1.57
27 0 Car 0 0.3 0 0 0 0 0 2.04 2.14 5.56 0.003924474114554001 1.6 25.739999700825617 -1.57
27 1 Car 0 0.3 0 0 0 0 0 1.48 2.16 4.8 -3.997046444426504 1.6 84.9606104010623 1.57
28 0 Car 0 0.3 0 0 0 0 0 2.04 2.14 5.56 0.0039442946908901325 1.6 25.869999699314636 -1.57
28 1 Car 0 0.3 0 0 0 0 0 1.48 2.16 4.8 -3.9970906595583306 1.6 84.67061040443296 1.57
29 0 Car 0 0.3 0 0 0 0 0 2.04 2.14 5.56 0.003858913746672951 1.6 25.30999970582348 -1.57
29 1 Car 0 0.3 0 0 0 0 0 1.48 2.16 4.8 -3.9972385515509927 1.6 83.70061041570722 1.57
30 0 Car 0 0.3 0 0 0 0 0 2.04 2.14 5.56 0.003826895892591509 1.6 25.0999997082643 -1.57
30 1 Car 0 0.3 0 0 0 0 0 1.48 2.16 4.8 -3.997334605113237 1.6 83.07061042302965 1.57
31 0 Car 0 0.3 0 0 0 0 0 2.04 2.14 5.56 0.0037933533787919012 1.6 24.87999971082134 -1.57
31 1 Car 0 0.3 0 0 0 0 0 1.48 2.16 4.8 -3.9974321833351993 1.6 82.43061043046835 1.57
32 0 Car 0 0.3 0 0 0 0 0 2.04 2.14 5.56 0.003761335524710459 1.6 24.66999971326216 -1.57
32 1 Car 0 0.3 0 0 0 0 0 1.48 2.16 4.8 -3.997528236897444 1.6 81.80061043779078 1.57
33 0 Car 0 0.3 0 0 0 0 0 2.04 2.14 5.56 0.0037277930109108517 1.6 24.449999715819203 -1.57
33 1 Car 0 0.3 0 0 0 0 0 1.48 2.16 4.8 -3.997624290459688 1.6 81.17061044511324 1.57
34 0 Car 0 0.3 0 0 0 0 0 2.04 2.14 5.56 0.0037476135872469827 1.6 24.579999714308222 -1.57
34 1 Car 0 0.3 0 0 0 0 0 1.48 2.16 4.8 -3.997668505591515 1.6 80.88061044848389 1.57
35 0 Car 0 0.3 0 0 0 0 0 2.04 2.14 5.56 0.003663757302747966 1.6 24.02999972070084 -1.57
35 1 Car 0 0.3 0 0 0 0 0 1.48 2.16 4.8 -3.997816397584177 1.6 79.91061045975813 1.57
36 0 Car 0 0.3 0 0 0 0 0 2.04 2.14 5.56 0.003630214788948359 1.6 23.80999972325788 -1.57
36 1 Car 0 0.3 0 0 0 0 0 1.48 2.16 4.8 -3.997913975806139 1.6 79.27061046719682 1.57
37 0 Car 0 0.3 0 0 0 0 0 2.04 2.14 5.56 0.003650035365284491 1.6 23.939999721746904 -1.57
37 1 Car 0 0.3 0 0 0 0 0 1.48 2.16 4.8 -3.997958190937966 1.6 78.98061047056747 1.57
38 0 Car 0 0.3 0 0 0 0 0 2.04 2.14 5.56 0.0036164928514848833 1.6 23.719999724303946 -1.57
38 1 Car 0 0.3 0 0 0 0 0 1.48 2.16 4.8 -3.9980542445002105 1.6 78.35061047788992 1.57
39 0 Car 0 0.3 0 0 0 0 0 2.04 2.14 5.56 0.0035326365669858667 1.6 23.169999730696567 -1.57
39 1 Car 0 0.3 0 0 0 0 0 1.48 2.16 4.8 -3.998202136492872 1.6 77.38061048916417 1.57
40 0 Car 0 0.3 0 0 0 0 0 2.04 2.14 5.56 0.0034990940531862596 1.6 22.94999973325361 -1.57
40 1 Car 0 0.3 0 0 0 0 0 1.48 2.16 4.8 -3.9982997147148347 1.6 76.74061049660284 1.57
41 0 Car 0 0.3 0 0 0 0 0 2.04 2.14 5.56 0.0035189146295223905 1.6 23.079999731742625 -1.57
41 1 Car 0 0.3 0 0 0 0 0 1.48 2.16 4.8 -3.9983439298466616 1.6 76.45061049997351 1.57
42 0 Car 0 0.3 0 0 0 0 0 2.04 2.14 5.56 0.003486896775440948 1.6 22.869999734183445 -1.57
42 1 Car 0 0.3 0 0 0 0 0 1.48 2.16 4.8 -3.9984399834089057 1.6 75.82061050729594 1.57
43 0 Car 0 0.3 0 0 0 0 0 2.04 2.14 5.56 0.003453354261641341 1.6 22.64999973674049 -1.57
43 1 Car 0 0.3 0 0 0 0 0 1.48 2.16 4.8 -3.9985360369711502 1.6 75.1906105146184 1.57
44 0 Car 0 0.3 0 0 0 0 0 2.04 2.14 5.56 0.0033694979771423245 1.6 22.099999743133107 -1.57
44 1 Car 0 0.3 0 0 0 0 0 1.48 2.16 4.8 -3.998683928963812 1.6 74.22061052589265 1.57
45 0 Car 0 0.3 0 0 0 0 0 2.04 2.14 5.56 0.0033877938937602915 1.6 22.219999741738352 -1.57
45 1 Car 0 0.3 0 0 0 0 0 1.48 2.16 4.8 -3.998728144095639 1.6 73.9306105292633 1.57
46 0 Car 0 0.3 0 0 0 0 0 2.04 2.14 5.56 0.0033039376092612745 1.6 21.66999974813097 -1.57
46 1 Car 0 0.3 0 0 0 0 0 1.48 2.16 4.8 -3.998877560748019 1.6 72.95061054065378 1.57
47 0 Car 0 0.3 0 0 0 0 0 2.04 2.14 5.56 0.0032703950954616674 1.6 21.449999750688015 -1.57
47 1 Car 0 0.3 0 0 0 0 0 1.48 2.16 4.8 -3.998973614310263 1.6 72.32061054797622 1.57
48 0 Car 0 0.3 0 0 0 0 0 2.04 2.14 5.56 0.003290215671797799 1.6 21.57999974917703 -1.57
48 1 Car 0 0.3 0 0 0 0 0 1.48 2.16 4.8 -3.99901782944209 1.6 72.03061055134688 1.57
49 0 Car 0 0.3 0 0 0 0 0 2.04 2.14 5.56 0.003258197817716356 1.6 21.36999975161785 -1.57
49 1 Car 0 0.3 0 0 0 0 0 1.48 2.16 4.8 -3.9991138830043345 1.6 71.40061055866933 1.57
50 0 Car 0 0.3 0 0 0 0 0 2.04 2.14 5.56 0.003226179963634913 1.6 21.159999754058667 -1.57
50 1 Car 0 0.3 0 0 0 0 0 1.48 2.16 4.8 -3.9992099365665785 1.6 70.77061056599177 1.57
51 0 Car 0 0.3 0 0 0 0 0 2.04 2.14 5.56 0.0031423236791358958 1.6 20.60999976045128 -1.57
51 1 Car 0 0.3 0 0 0 0 0 1.48 2.16 4.8 -3.999356303899522 1.6 69.8106105771498 1.57
52 0 Car 0 0.3 0 0 0 0 0 2.04 2.14 5.56 0.003111830484772617 1.6 20.40999976277587 -1.57
52 1 Car 0 0.3 0 0 0 0 0 1.48 2.16 4.8 -3.9994508328020486 1.6 69.19061058435601 1.57
53 0 Car 0 0.3 0 0 0 0 0 2.04 2.14 5.56 0.0031301264013905844 1.6 20.529999761381116 -1.57
53 1 Car 0 0.3 0 0 0 0 0 1.48 2.16 4.8 -3.9994965725935936 1.6 68.8906105878429 1.57
54 0 Car 0 0.3 0 0 0 0 0 2.04 2.14 5.56 0.0030493194363278952 1.6 19.999999767541272 -1.57
54 1 Car 0 0.3 0 0 0 0 0 1.48 2.16 4.8 -3.999641415266819 1.6 67.94061059888469 1.57
55 0 Car 0 0.3 0 0 0 0 0 2.04 2.14 5.56 0.0030188262419646164 1.6 19.79999976986586 -1.57
55 1 Car 0 0.3 0 0 0 0 0 1.48 2.16 4.8 -3.999734419509627 1.6 67.33061060597468 1.57
56 0 Car 0 0.3 0 0 0 0 0 2.04 2.14 5.56 0.0030386468183007474 1.6 19.92999976835488 -1.57
56 1 Car 0 0.3 0 0 0 0 0 1.48 2.16 4.8 -3.9997786346414537 1.6 67.04061060934534 1.57
57 0 Car 0 0.3 0 0 0 0 0 2.04 2.14 5.56 0.002959364512956222 1.6 19.409999774398806 -1.57
57 1 Car 0 0.3 0 0 0 0 0 1.48 2.16 4.8 -3.999921952654961 1.6 66.10061062027088 1.57
58 0 Car 0 0.3 0 0 0 0 0 2.04 2.14 5.56 0.0029288713185929433 1.6 19.209999776723393 -1.57
58 1 Car 0 0.3 0 0 0 0 0 1.48 2.16 4.8 -4.000016481557488 1.6 65.48061062747712 1.57
59 0 Car 0 0.3 0 0 0 0 0 2.04 2.14 5.56 0.0029486918949290747 1.6 19.33999977521241 -1.57
59 1 Car 0 0.3 0 0 0 0 0 1.48 2.16 4.8 -4.000060696689314 1.6 65.19061063084776 1.57
60 0 Car 0 0.3 0 0 0 0 0 2.04 2.14 5.56 0.002870934249302713 1.6 18.829999781140106 -1.57
60 1 Car 0 0.3 0 0 0 0 0 1.48 2.16 4.8 -4.000200965383385 1.6 64.27061064154086 1.57
61 0 Car 0 0.3 0 0 0 0 0 2.04 2.14 5.56 0.0028907548256388448 1.6 18.959999779629126 -1.57
61 1 Car 0 0.3 0 0 0 0 0 1.48 2.16 4.8 -4.00024670517493 1.6 63.97061064502774 1.57
62 0 Car 0 0.3 0 0 0 0 0 2.04 2.14 5.56 0.002812997180012483 1.6 18.449999785556823 -1.57
62 1 Car 0 0.3 0 0 0 0 0 1.48 2.16 4.8 -4.000386973869001 1.6 63.050610655720845 1.57
63 0 Car 0 0.3 0 0 0 0 0 2.04 2.14 5.56 0.0028328177563486144 1.6 18.57999978404584 -1.57
63 1 Car 0 0.3 0 0 0 0 0 1.48 2.16 4.8 -4.000431189000828 1.6 62.7606106590915 1.57
64 0 Car 0 0.3 0 0 0 0 0 2.04 2.14 5.56 0.002756584770440417 1.6 18.079999789857307 -1.57
64 1 Car 0 0.3 0 0 0 0 0 1.48 2.16 4.8 -4.000569933035181 1.6 61.85061066966837 1.57
65 0 Car 0 0.3 0 0 0 0 0 2.04 2.14 5.56 0.0027764053467765485 1.6 18.20999978834633 -1.57
65 1 Car 0 0.3 0 0 0 0 0 1.48 2.16 4.8 -4.000614148167007 1.6 61.56061067303902 1.57
66 0 Car 0 0.3 0 0 0 0 0 2.04 2.14 5.56 0.002701697020586515 1.6 17.719999794041566 -1.57
66 1 Car 0 0.3 0 0 0 0 0 1.48 2.16 4.8 -4.00075289220136 1.6 60.650610683615895 1.57
67 0 Car 0 0.3 0 0 0 0 0 2.04 2.14 5.56 0.0027215175969226464 1.6 17.849999792530586 -1.57
67 1 Car 0 0.3 0 0 0 0 0 1.48 2.16 4.8 -4.000797107333187 1.6 60.36061068698655 1.57
68 0 Car 0 0.3 0 0 0 0 0 2.04 2.14 5.56 0.002646809270732613 1.6 17.359999798225825 -1.57
68 1 Car 0 0.3 0 0 0 0 0 1.48 2.16 4.8 -4.000934326707822 1.6 59.46061069744719 1.57
69 0 Car 0 0.3 0 0 0 0 0 2.04 2.14 5.56 0.002666629847068744 1.6 17.48999979671484 -1.57
69 1 Car 0 0.3 0 0 0 0 0 1.48 2.16 4.8 -4.000978541839649 1.6 59.17061070081784 1.57
70 0 Car 0 0.3 0 0 0 0 0 2.04 2.14 5.56 0.0025934461805968752 1.6 17.009999802293855 -1.57
70 1 Car 0 0.3 0 0 0 0 0 1.48 2.16 4.8 -4.001115761214283 1.6 58.270610711278486 1.57
71 0 Car 0 0.3 0 0 0 0 0 2.04 2.14 5.56 0.0025675269653880877 1.6 16.839999804269752 -1.57
71 1 Car 0 0.3 0 0 0 0 0 1.48 2.16 4.8 -4.0012057161376555 1.6 57.680610718136016 1.57
72 0 Car 0 0.3 0 0 0 0 0 2.04 2.14 5.56 0.002541607750179301 1.6 16.669999806245652 -1.57
72 1 Car 0 0.3 0 0 0 0 0 1.48 2.16 4.8 -4.0012941464013085 1.6 57.10061072487732 1.57
73 0 Car 0 0.3 0 0 0 0 0 2.04 2.14 5.56 0.0025156885349705135 1.6 16.49999980822155 -1.57
73 1 Car 0 0.3 0 0 0 0 0 1.48 2.16 4.8 -4.00138410132468 1.6 56.51061073173485 1.57
74 0 Car 0 0.3 0 0 0 0 0 2.04 2.14 5.56 0.0024912939794798903 1.6 16.33999981008122 -1.57
74 1 Car 0 0.3 0 0 0 0 0 1.48 2.16 4.8 -4.001472531588334 1.6 55.930610738476155 1.57
75 0 Car 0 0.3 0 0 0 0 0 2.04 2.14 5.56 0.0024653747642711036 1.6 16.16999981205712 -1.57
75 1 Car 0 0.3 0 0 0 0 0 1.48 2.16 4.8 -4.001559437192269 1.6 55.360610745101226 1.57
76 0 Car 0 0.3 0 0 0 0 0 2.04 2.14 5.56 0.0024409802087804805 1.6 16.00999981391679 -1.59
76 1 Car 0 0.3 0 0 0 0 0 1.48 2.16 4.8 -4.001647867455922 1.6 54.78061075184253 1.57
77 0 Car 0 0.3 0 0 0 0 0 2.04 2.14 5.56 0.002459276125398447 1.6 16.129999812522033 -1.59
77 1 Car 0 0.3 0 0 0 0 0 1.48 2.16 4.8 -4.001690557928032 1.6 54.50061075509695 1.57
78 0 Car 0 0.3 0 0 0 0 0 2.04 2.14 5.56 0.0023906664380810697 1.6 15.679999817752357 -1.59
78 1 Car 0 0.3 0 0 0 0 0 1.48 2.16 4.8 -4.001821678663793 1.6 53.64061076509268 1.57
79 0 Car 0 0.3 0 0 0 0 0 2.04 2.14 5.56 0.0023677965423086105 1.6 15.529999819495798 -1.59
79 1 Car 0 0.3 0 0 0 0 0 1.48 2.16 4.8 -4.001908584267729 1.6 53.07061077171775 1.57
80 0 Car 0 0.3 0 0 0 0 0 2.04 2.14 5.56 0.0023434019868179873 1.6 15.369999821355467 -1.59
80 1 Car 0 0.3 0 0 0 0 0 1.48 2.16 4.8 -4.001993965211946 1.6 52.51061077822659 1.57
81 0 Car 0 0.3 0 0 0 0 0 2.04 2.14 5.56 0.002361697903435955 1.6 15.489999819960715 -1.59
81 1 Car 0 0.3 0 0 0 0 0 1.48 2.16 4.8 -4.002036655684055 1.6 52.23061078148101 1.57
82 0 Car 0 0.3 0 0 0 0 0 2.04 2.14 5.56 0.0023388280076634955 1.6 15.339999821704156 -1.59
82 1 Car 0 0.3 0 0 0 0 0 1.48 2.16 4.8 -4.002122036628272 1.6 51.670610787989865 1.57
83 0 Car 0 0.3 0 0 0 0 0 2.04 2.14 5.56 -0.007685566431597764 1.6 15.180001348223543 -1.59
83 1 Car 0 0.3 0 0 0 0 0 1.48 2.16 4.8 -4.002207417572489 1.6 51.110610794498704 1.57
84 0 Car 0 0.3 0 0 0 0 0 2.04 2.14 5.56 -0.0077511267994788136 1.6 14.750001353221405 -1.59
84 1 Car 0 0.3 0 0 0 0 0 1.48 2.16 4.8 -4.002333964329097 1.6 50.280610804145745 1.57
85 0 Car 0 0.3 0 0 0 0 0 2.04 2.14 5.56 -0.007773996695251272 1.6 14.600001354964846 -1.59
85 1 Car 0 0.3 0 0 0 0 0 1.48 2.16 4.8 -4.002417820613595 1.6 49.73061081053836 1.57
86 0 Car 0 0.4 0 0 0 0 0 2.04 2.14 5.56 -0.017795341815076204 1.6 14.460002881251778 -1.72
86 1 Car 0 0.4 0 0 0 0 0 1.48 2.16 4.8 -4.0025016768980946 1.6 49.18061081693097 1.57
87 0 Car 0 0.4 0 0 0 0 0 2.04 2.14 5.56 -0.027777045782228872 1.6 14.580004404516743 -1.72
87 1 Car 0 0.4 0 0 0 0 0 1.48 2.16 4.8 -4.002544367370203 1.6 48.90061082018539 1.57
88 0 Car 0 0.4 0 0 0 0 0 2.04 2.14 5.56 -0.037841081374162394 1.6 14.160005934058093 -1.72
88 1 Car 0 0.4 0 0 0 0 0 1.48 2.16 4.8 -4.002667864807375 1.6 48.09061082959998 1.57
89 0 Car 0 0.4 0 0 0 0 0 2.04 2.14 5.56 -0.0478212606815969 1.6 14.29000745720683 -1.72
89 1 Car 0 0.4 0 0 0 0 0 1.48 2.16 4.8 -4.002709030619765 1.6 47.82061083273817 1.57
90 0 Car 0 0.4 0 0 0 0 0 2.04 2.14 5.56 -0.0678837714975829 1.6 13.88001051129167 -1.72
90 1 Car 0 0.4 0 0 0 0 0 1.48 2.16 4.8 -4.002832528056937 1.6 47.010610842152744 1.57
91 0 Car 0 0.5 0 0 0 0 0 2.04 2.14 5.56 -0.07786547546473556 1.6 14.000012034556637 -1.72
91 1 Car 0 0.5 0 0 0 0 0 1.48 2.16 4.8 -4.002873693869327 1.6 46.74061084529094 1.57
92 0 Car 0 0.5 0 0 0 0 0 2.04 2.14 5.56 -0.08792646173723276 1.6 13.600013563865529 -1.72
92 1 Car 0 0.5 0 0 0 0 0 1.48 2.16 4.8 -4.00299566664678 1.6 45.94061085458929 1.57
93 0 Car 0 0.5 0 0 0 0 0 2.04 2.14 5.56 -0.09790816570438543 1.6 13.720015087130495 -1.72
93 1 Car 0 0.5 0 0 0 0 0 1.48 2.16 4.8 -4.003035307799452 1.6 45.68061085761125 1.57
94 0 Car 0 0.4 0 0 0 0 0 2.04 2.14 5.56 -0.10796915197688262 1.6 13.320016616439387 -1.72
94 1 Car 0 0.4 0 0 0 0 0 1.48 2.16 4.8 -4.003157280576905 1.6 44.880610866909606 1.57
95 0 Car 0 0.5 0 0 0 0 0 2.04 2.14 5.56 -0.11794933128431712 1.6 13.450018139588122 -1.72
95 1 Car 0 0.5 0 0 0 0 0 1.48 2.16 4.8 -4.003196921729577 1.6 44.62061086993156 1.57
96 0 Car 0 0.5 0 0 0 0 0 2.04 2.14 5.56 -0.13800726812114864 1.6 13.070021193324276 -1.72
96 1 Car 0 0.5 0 0 0 0 0 1.48 2.16 4.8 -4.003312795868157 1.6 43.860610878764994 1.57
97 0 Car 0 0.5 0 0 0 0 0 2.04 2.14 5.56 -0.15802098982615337 1.6 12.980024243689776 -1.72
97 1 Car 0 0.5 0 0 0 0 0 1.48 2.16 4.8 -4.003387504194348 1.6 43.370610884460234 1.57
98 0 Car 0 0.6 0 0 0 0 0 2.04 2.14 5.56 -0.17800269367707666 1.6 13.10002729161446 -1.85
98 1 Car 0 0.6 0 0 0 0 0 1.48 2.16 4.8 -4.00342714534702 1.6 43.110610887482196 1.57
99 0 Car 0 0.6 0 0 0 0 0 2.04 2.14 5.56 -0.208043859140779 1.6 12.830031868731808 -1.85
99 1 Car 0 0.6 0 0 0 0 0 1.48 2.16 4.8 -4.003526248228701 1.6 42.46061089503711 1.57
100 0 Car 0 0.7 0 0 0 0 0 2.04 2.14 5.56 -0.23802403821575477 1.6 12.960036441199982 -1.85
100 1 Car 0 0.7 0 0 0 0 0 1.48 2.16 4.8 -4.003564364721655 1.6 42.21061089794284 1.57
101 0 Car 0 0.7 0 0 0 0 0 2.04 2.14 5.56 -0.2680316611656575 1.6 12.910041015760282 -1.85
101 1 Car 0 0.7 0 0 0 0 0 1.48 2.16 4.8 -4.003629925089536 1.6 41.7806109029407 1.57
102 0 Car 0 0.7 0 0 0 0 0 2.04 2.14 5.56 -0.28806367878728023 1.6 12.700044067520533 -1.85
102 1 Car 0 0.7 0 0 0 0 0 1.48 2.16 4.8 -4.003719880012907 1.6 41.19061090979823 1.57
103 0 Car 0 0.7 0 0 0 0 0 2.04 2.14 5.56 -0.3180697770774648 1.6 12.660048641964606 -1.85
103 1 Car 0 0.7 0 0 0 0 0 1.48 2.16 4.8 -4.003785440380788 1.6 40.760610914796096 1.57
104 0 Car 0 0.7 0 0 0 0 0 2.04 2.14 5.56 -0.3480514808121587 1.6 12.780053214549007 -1.85
104 1 Car 0 0.7 0 0 0 0 0 1.48 2.16 4.8 -4.003823556873742 1.6 40.51061091770183 1.57
105 0 Car 0 0.7 0 0 0 0 0 2.04 2.14 5.56 -0.37805757910234333 1.6 12.74005778899308 -1.85
105 1 Car 0 0.7 0 0 0 0 0 1.48 2.16 4.8 -4.003887592581906 1.6 40.09061092258347 1.57
106 0 Car 0 0.7 0 0 0 0 0 2.04 2.14 5.56 -0.39808959672396604 1.6 12.530060840753332 -1.85
106 1 Car 0 0.7 0 0 0 0 0 1.48 2.16 4.8 -4.003976022845559 1.6 39.51061092932477 1.57
107 0 Car 0 0.7 0 0 0 0 0 2.04 2.14 5.56 -0.42807130045865993 1.6 12.650065413337737 -1.85
107 1 Car 0 0.7 0 0 0 0 0 1.48 2.16 4.8 -4.004015663998231 1.6 39.25061093234673 1.57
108 0 Car 0 0.7 0 0 0 0 0 2.04 2.14 5.56 -0.45810331796405335 1.6 12.440069989757706 -1.85
108 1 Car 0 0.7 0 0 0 0 0 1.48 2.16 4.8 -4.004104094261885 1.6 38.670610939088036 1.57
109 0 Car 0 0.7 0 0 0 0 0 2.04 2.14 5.56 -0.48808502169874723 1.6 12.560074562342109 -1.85
109 1 Car 0 0.7 0 0 0 0 0 1.48 2.16 4.8 -4.004142210754839 1.6 38.42061094199377 1.57
110 0 Car 0 0.7 0 0 0 0 0 2.04 2.14 5.56 -0.5380911197564732 1.6 12.520082186105617 -1.93
110 1 Car 0 0.7 0 0 0 0 0 1.48 2.16 4.8 -4.0042047218032835 1.6 38.01061094675917 1.57
111 0 Car 0 0.7 0 0 0 0 0 2.04 2.14 5.56 -0.5780987425901464 1.6 12.470088285325637 -1.93
111 1 Car 0 0.7 0 0 0 0 0 1.48 2.16 4.8 -4.004268757511446 1.6 37.59061095164081 1.57
112 0 Car 0 0.7 0 0 0 0 0 2.04 2.14 5.56 -0.6181063654238198 1.6 12.420094384545656 -1.93
112 1 Car 0 0.7 0 0 0 0 0 1.48 2.16 4.8 -4.004331268559891 1.6 37.18061095640621 1.57
113 0 Car 0 0.7 0 0 0 0 0 2.04 2.14 5.56 -0.6581124635977751 1.6 12.380100483649446 -1.93
113 1 Car 0 0.7 0 0 0 0 0 1.48 2.16 4.8 -4.004393779608336 1.6 36.77061096117162 1.57
114 0 Car 0 0.8 0 0 0 0 0 2.04 2.14 5.56 -0.6981460056466571 1.6 12.160106584845366 -1.93
114 1 Car 0 0.8 0 0 0 0 0 1.48 2.16 4.8 -4.004482209871989 1.6 36.19061096791292 1.57
115 0 Car 0 0.8 0 0 0 0 0 2.04 2.14 5.56 -0.7381521038206124 1.6 12.120112683949154 -1.93
115 1 Car 0 0.8 0 0 0 0 0 1.48 2.16 4.8 -4.004544720920435 1.6 35.780610972678325 1.57
116 0 Car 0 0.8 0 0 0 0 0 2.04 2.14 5.56 -0.7881338073228477 1.6 12.240120305852994 -1.93
116 1 Car 0 0.8 0 0 0 0 0 1.48 2.16 4.8 -4.00458131275367 1.6 35.54061097546783 1.57
117 0 Car 0 0.8 0 0 0 0 0 2.04 2.14 5.56 -0.8381673492555003 1.6 12.020127931708629 -2.02
117 1 Car 0 0.8 0 0 0 0 0 1.48 2.16 4.8 -4.0046682183576054 1.6 34.9706109820929 1.57
118 0 Car 0 0.8 0 0 0 0 0 2.04 2.14 5.56 -0.8881749719729444 1.6 11.970135555588369 -2.02
118 1 Car 0 0.8 0 0 0 0 0 1.48 2.16 4.8 -4.004730729406051 1.6 34.56061098685831 1.57
119 0 Car 0 0.8 0 0 0 0 0 2.04 2.14 5.56 -0.9381825946903883 1.6 11.920143179468106 -2.02
119 1 Car 0 0.8 0 0 0 0 0 1.48 2.16 4.8 -4.004793240454495 1.6 34.15061099162371 1.57
120 0 Car 0 0.8 0 0 0 0 0 2.04 2.14 5.56 -0.9781902175240618 1.6 11.870149278688125 -2.02
120 1 Car 0 0.8 0 0 0 0 0 1.48 2.16 4.8 -4.0048542268432215 1.6 33.75061099627288 1.57
121 0 Car 0 0.8 0 0 0 0 0 2.04 2.14 5.56 -1.0281978402415057 1.6 11.820156902567863 -2.02
121 1 Car 0 0.8 0 0 0 0 0 1.48 2.16 4.8 -4.004915213231948 1.6 33.35061100092206 1.57
122 0 Car 0 0.8 0 0 0 0 0 2.04 2.14 5.56 -1.078179543743741 1.6 11.940164524471701 -2.02
122 1 Car 0 0.8 0 0 0 0 0 1.48 2.16 4.8 -4.0049518050651844 1.6 33.11061100371156 1.57
123 0 Car 0 0.8 0 0 0 0 0 2.04 2.14 5.56 -1.1281871664611849 1.6 11.89017214835144 -2.02
123 1 Car 0 0.8 0 0 0 0 0 1.48 2.16 4.8 -3.99501279157014 1.6 32.71060948370101 1.57
124 0 Car 0 0.8 0 0 0 0 0 2.04 2.14 5.56 -1.1881963137221176 1.6 11.830181297007124 -2.02
124 1 Car 0 0.8 0 0 0 0 0 1.48 2.16 4.8 -3.9950737779588668 1.6 32.31060948835019 1.57
125 0 Car 0 0.8 0 0 0 0 0 2.04 2.14 5.56 -1.2482039363233324 1.6 11.780190445546578 -2.11
125 1 Car 0 0.8 0 0 0 0 0 1.48 2.16 4.8 -3.9951347643475934 1.6 31.910609492999367 1.57
126 0 Car 0 0.8 0 0 0 0 0 2.04 2.14 5.56 -1.3082130835842651 1.6 11.720199594202265 -2.11
126 1 Car 0 0.8 0 0 0 0 0 1.48 2.16 4.8 -3.99519575073632 1.6 31.51060949764854 1.57
127 0 Car 0 0.8 0 0 0 0 0 2.04 2.14 5.56 -1.3682207061854799 1.6 11.67020874274172 -2.11
127 1 Car 0 0.8 0 0 0 0 0 1.48 2.16 4.8 -3.9952567371250463 1.6 31.110609502297716 1.57
128 0 Car 0 0.8 0 0 0 0 0 2.04 2.14 5.56 -1.4282542480019031 1.6 11.450217893257074 -2.11
128 1 Car 0 0.8 0 0 0 0 0 1.48 2.16 4.8 -3.9953421180692636 1.6 30.55060950880656 1.57
129 0 Car 0 0.8 0 0 0 0 0 2.04 2.14 5.56 -1.4882633952628361 1.6 11.39022704191276 -2.11
129 1 Car 0 0.8 0 0 0 0 0 1.48 2.16 4.8 -3.9954031044579903 1.6 30.150609513455734 1.57
130 0 Car 0 0.8 0 0 0 0 0 2.04 2.14 5.56 -1.5482710178640506 1.6 11.340236190452217 -2.11
130 1 Car 0 0.8 0 0 0 0 0 1.48 2.16 4.8 -3.9954625661869985 1.6 29.76060951798868 1.57
131 0 Car 0 0.8 0 0 0 0 0 2.04 2.14 5.56 -1.6082542459097748 1.6 11.450245337132001 -2.11
131 1 Car 0 0.8 0 0 0 0 0 1.48 2.16 4.8 -3.9954976333605163 1.6 29.530609520661955 1.57
132 0 Car 0 0.8 0 0 0 0 0 2.04 2.14 5.56 -1.6682633931707074 1.6 11.390254485787688 -2.11
132 1 Car 0 0.8 0 0 0 0 0 1.48 2.16 4.8 -3.995558619749243 1.6 29.13060952531113 1.57
133 0 Car 0 0.8 0 0 0 0 0 2.04 2.14 5.56 -1.738272540315411 1.6 11.33026515910309 -2.19
133 1 Car 0 0.8 0 0 0 0 0 1.48 2.16 4.8 -3.995618081478251 1.6 28.740609529844072 1.57
134 0 Car 0 0.8 0 0 0 0 0 2.04 2.14 5.56 -1.808306082015605 1.6 11.110275834278164 -2.19
134 1 Car 0 0.8 0 0 0 0 0 1.48 2.16 4.8 -3.9957034624224685 1.6 28.180609536352918 1.57
135 0 Car 0 0.8 0 0 0 0 0 2.04 2.14 5.56 -1.8783152291603082 1.6 11.050286507593569 -2.19
135 1 Car 0 0.8 0 0 0 0 0 1.48 2.16 4.8 -3.9957629241514767 1.6 27.790609540885864 1.57
136 0 Car 0 0.8 0 0 0 0 0 2.04 2.14 5.56 -1.9482999817495212 1.6 11.150297179049302 -2.19
136 1 Car 0 0.8 0 0 0 0 0 1.48 2.16 4.8 -3.9957964666652765 1.6 27.57060954344291 1.57
137 0 Car 0 0.8 0 0 0 0 0 2.04 2.14 5.56 -2.0183091288942245 1.6 11.090307852364704 -2.19
137 1 Car 0 0.8 0 0 0 0 0 1.48 2.16 4.8 -3.9958559283942847 1.6 27.180609547975855 1.57
138 0 Car 0 0.8 0 0 0 0 0 2.04 2.14 5.56 -2.088318276038928 1.6 11.030318525680109 -2.19
138 1 Car 0 0.8 0 0 0 0 0 1.48 2.16 4.8 -3.9959153901232933 1.6 26.7906095525088 1.57
139 0 Car 0 0.8 0 0 0 0 0 2.04 2.14 5.56 -2.1483518178553513 1.6 10.810327676195463 -2.19
139 1 Car 0 0.8 0 0 0 0 0 1.48 2.16 4.8 -3.9959992464077922 1.6 26.240609558901415 1.57
140 0 Car 0 0.8 0 0 0 0 0 2.04 2.14 5.56 -2.2283624895435437 1.6 10.740339874286814 -2.19
140 1 Car 0 0.8 0 0 0 0 0 1.48 2.16 4.8 -3.9960587081368004 1.6 25.85060956343436 1.57
141 0 Car 0 0.8 0 0 0 0 0 2.04 2.14 5.56 -2.308371636572018 1.6 10.680352072261936 -2.28
141 1 Car 0 0.8 0 0 0 0 0 1.48 2.16 4.8 -3.996116645206091 1.6 25.470609567851074 1.57
142 0 Car 0 0.8 0 0 0 0 0 2.04 2.14 5.56 -2.3783563891612305 1.6 10.780362743717667 -2.28
142 1 Car 0 0.8 0 0 0 0 0 1.48 2.16 4.8 -3.9961501877198904 1.6 25.250609570408123 1.57
143 0 Car 0 0.8 0 0 0 0 0 2.04 2.14 5.56 -2.4583929800646316 1.6 10.540374943784919 -2.28
143 1 Car 0 0.8 0 0 0 0 0 1.48 2.16 4.8 -3.9962340440043893 1.6 24.700609576800737 1.57
144 0 Car 0 0.8 0 0 0 0 0 2.04 2.14 5.56 -2.538402127093106 1.6 10.48038714176004 -2.28
144 1 Car 0 0.8 0 0 0 0 0 1.48 2.16 4.8 -3.99629198107368 1.6 24.320609581217454 1.57
145 0 Car 0 0.8 0 0 0 0 0 2.04 2.14 5.56 -2.618412798781298 1.6 10.410399339851391 -2.28
145 1 Car 0 0.8 0 0 0 0 0 1.48 2.16 4.8 -3.99634991814297 1.6 23.94060958563417 1.57
146 0 Car 0 0.8 0 0 0 0 0 2.04 2.14 5.56 -2.6984234704694905 1.6 10.34041153794274 -2.28
146 1 Car 0 0.8 0 0 0 0 0 1.48 2.16 4.8 -3.996409379871978 1.6 23.550609590167117 1.57
147 0 Car 0 0.8 0 0 0 0 0 2.04 2.14 5.56 -2.768432617614194 1.6 10.280422211258145 -2.28
147 1 Car 0 0.8 0 0 0 0 0 1.48 2.16 4.8 -3.9964673169412688 1.6 23.170609594583834 1.57
148 0 Car 0 0.8 0 0 0 0 0 2.04 2.14 5.56 -2.858443289186156 1.6 10.210435934009215 -2.28
148 1 Car 0 0.8 0 0 0 0 0 1.48 2.16 4.8 -3.9965237293508404 1.6 22.800609598884318 1.57
149 0 Car 0 0.9 0 0 0 0 0 2.04 2.14 5.56 -2.938455485534067 1.6 10.130448132216795 -2.37
149 1 Car 0 0.9 0 0 0 0 0 1.48 2.16 4.8 -3.996581666420131 1.6 22.420609603301035 1.57
150 0 Car 0 0.8 0 0 0 0 0 2.04 2.14 5.56 -3.028441762550539 1.6 10.220461853108194 -2.37
150 1 Car 0 0.8 0 0 0 0 0 1.48 2.16 4.8 -3.9966136842742124 1.6 22.21060960574185 1.57
151 0 Car 0 0.8 0 0 0 0 0 2.04 2.14 5.56 -3.118452434122502 1.6 10.150475575859263 -2.37
151 1 Car 0 0.8 0 0 0 0 0 1.48 2.16 4.8 -3.9966716213435025 1.6 21.830609610158564 1.57
152 0 Car 0 0.8 0 0 0 0 0 2.04 2.14 5.56 -3.198489025025903 1.6 9.910487775926514 -2.37
152 1 Car 0 0.8 0 0 0 0 0 1.48 2.16 4.8 -3.9967524283085654 1.6 21.300609616318724 1.61
153 0 Car 0 0.9 0 0 0 0 0 2.04 2.14 5.56 -3.288499696597866 1.6 9.840501498677583 -2.37
153 1 Car 0 0.9 0 0 0 0 0 1.48 2.16 4.8 -3.996804266738983 1.6 20.96060962027052 1.61
154 0 Car 0 0.8 0 0 0 0 0 2.04 2.14 5.56 -3.378511892829547 1.6 9.76051522154488 -2.37
154 1 Car 0 0.8 0 0 0 0 0 1.48 2.16 4.8 -3.996854580509682 1.6 20.63060962410609 1.61
155 0 Car 0 0.8 0 0 0 0 0 2.04 2.14 5.56 -3.4584981699622483 1.6 9.850527417776561 -2.37
155 1 Car 0 0.8 0 0 0 0 0 1.48 2.16 4.8 -3.996880499724891 1.6 20.46060962608199 1.61
156 0 Car 0 0.9 0 0 0 0 0 2.04 2.14 5.56 -3.548508841534211 1.6 9.78054114052763 -2.37
156 1 Car 0 0.9 0 0 0 0 0 1.48 2.16 4.8 -3.9969308134955903 1.6 20.130609629917554 1.61
157 0 Car 0 0.9 0 0 0 0 0 2.04 2.14 5.56 -3.648546956864872 1.6 9.530556390030545 -2.46
157 1 Car 0 0.9 0 0 0 0 0 1.48 2.16 4.8 -3.9970070464814986 1.6 19.630609635729023 1.61
158 0 Car 0 0.9 0 0 0 0 0 2.04 2.14 5.56 -3.738560677756271 1.6 9.440570113014074 -2.46
158 1 Car 0 0.9 0 0 0 0 0 1.48 2.16 4.8 -3.997058884911916 1.6 19.290609639680824 1.61
159 0 Car 0 0.9 0 0 0 0 0 2.04 2.14 5.56 -3.610414942441084 1.6 9.450931379678838 -2.44
159 1 Car 0 0.9 0 0 0 0 0 1.48 2.16 4.8 -3.536068592303018 1.6 19.051976771729706 1.63
160 0 Car 0 0.9 0 0 0 0 0 2.04 2.14 5.56 -3.7023406229076024 1.6 9.373151759785399 -2.44
160 1 Car 0 0.9 0 0 0 0 0 1.48 2.16 4.8 -3.544122609784465 1.6 18.722075070002646 1.63
161 0 Car 0 0.8 0 0 0 0 0 2.04 2.14 5.56 -3.8042633246385766 1.6 9.295616201027764 -2.44
161 1 Car 0 0.8 0 0 0 0 0 1.48 2.16 4.8 -3.5524206884017135 1.6 18.382176347011132 1.63
162 0 Car 0 0.8 0 0 0 0 0 2.04 2.14 5.56 -3.8961890051050947 1.6 9.217836581134327 -2.44
162 1 Car 0 0.8 0 0 0 0 0 1.48 2.16 4.8 -3.5604747058831605 1.6 18.052274645284076 1.63
163 0 Car 0 0.7 0 0 0 0 0 2.04 2.14 5.56 -3.99835576797187 1.6 9.130304001112235 -2.44
163 1 Car 0 0.7 0 0 0 0 0 1.48 2.16 4.8 -3.5685287233646075 1.6 17.722372943557016 1.63
164 0 Car 0 0.8 0 0 0 0 0 2.04 2.14 5.56 -4.096373491530022 1.6 9.212720782585897 -2.52
164 1 Car 0 0.8 0 0 0 0 0 1.48 2.16 4.8 -3.572677762673232 1.6 17.55242358206126 1.63
165 0 Car 0 0.7 0 0 0 0 0 2.04 2.14 5.56 -4.198540254396797 1.6 9.125188202563805 -2.52
165 1 Car 0 0.7 0 0 0 0 0 1.48 2.16 4.8 -3.5807317801546787 1.6 17.222521880334202 1.63
166 0 Car 0 0.7 0 0 0 0 0 2.04 2.14 5.56 -3.118229160897342 1.6 9.341533434085084 -2.39
166 1 Car 0 0.7 0 0 0 0 0 1.48 2.16 4.8 -1.40971017830254 1.6 17.041420633655818 1.76
167 0 Car 0 0.6 0 0 0 0 0 2.04 2.14 5.56 -3.2163297442858787 1.6 9.427418680424772 -2.39
167 1 Car 0 0.6 0 0 0 0 0 1.48 2.16 4.8 -1.4355135409042206 1.6 16.873390319490646 1.76
168 0 Car 0 0.6 0 0 0 0 0 2.04 2.14 5.56 -3.323464818650479 1.6 9.190940191253151 -2.39
168 1 Car 0 0.6 0 0 0 0 0 1.48 2.16 4.8 -1.4916375115956142 1.6 16.37614782340465 1.76
169 0 Car 0 0.6 0 0 0 0 0 2.04 2.14 5.56 -3.4260826475270476 1.6 9.115643569837188 -2.39
169 1 Car 0 0.6 0 0 0 0 0 1.48 2.16 4.8 -1.5318422558126903 1.6 16.048453486342748 1.76
170 0 Car 0 0.6 0 0 0 0 0 2.04 2.14 5.56 -3.5142990947882216 1.6 9.200010971317953 -2.39
170 1 Car 0 0.6 0 0 0 0 0 1.48 2.16 4.8 -1.567529754541734 1.6 15.8819410170365 1.84
171 0 Car 0 0.6 0 0 0 0 0 2.04 2.14 5.56 -3.6184347685237124 1.6 9.114830213774624 -2.48
171 1 Car 0 0.6 0 0 0 0 0 1.48 2.16 4.8 -1.6176186348861727 1.6 15.555764524833519 1.84
172 0 Car 0 0.6 0 0 0 0 0 2.04 2.14 5.56 -3.7324545783865664 1.6 9.031167301090218 -2.48
172 1 Car 0 0.6 0 0 0 0 0 1.48 2.16 4.8 -1.6775916513579754 1.6 15.231105877489464 1.84
173 0 Car 0 0.6 0 0 0 0 0 2.04 2.14 5.56 -3.836590252122058 1.6 8.945986543546889 -2.48
173 1 Car 0 0.6 0 0 0 0 0 1.48 2.16 4.8 -1.737564667829777 1.6 14.906447230145407 1.93
174 0 Car 0 0.6 0 0 0 0 0 2.04 2.14 5.56 -3.945243171345581 1.6 8.699623918247907 -2.48
174 1 Car 0 0.6 0 0 0 0 0 1.48 2.16 4.8 -1.803572774648534 1.6 14.410722578918334 1.93
175 0 Car 0 0.5 0 0 0 0 0 2.04 2.14 5.56 -4.043343754734118 1.6 8.785509164587594 -2.48
175 1 Car 0 0.5 0 0 0 0 0 1.48 2.16 4.8 -1.803572774648534 1.6 14.410722578918334 1.93
176 0 Car 0 0.5 0 0 0 0 0 2.04 2.14 5.56 -2.9898800594103436 1.6 8.988120895400796 -2.35
176 1 Car 0 0.5 0 0 0 0 0 1.48 2.16 4.8 0.028939328672258676 1.6 14.196184787303102 2.06
177 0 Car 0 0.5 0 0 0 0 0 2.04 2.14 5.56 -3.094425078044435 1.6 8.914159154758776 -2.35
177 1 Car 0 0.5 0 0 0 0 0 1.48 2.16 4.8 0.013499282862518685 1.6 14.034130460037849 2.06
178 0 Car 0 0.5 0 0 0 0 0 2.04 2.14 5.56 -3.201736903149287 1.6 8.830587794875946 -2.43
178 1 Car 0 0.5 0 0 0 0 0 1.48 2.16 4.8 -0.004707569417981544 1.6 13.862466513531789 2.06
179 0 Car 0 0.5 0 0 0 0 0 2.04 2.14 5.56 -3.3062819217833783 1.6 8.756626054233925 -2.43
179 1 Car 0 0.5 0 0 0 0 0 1.48 2.16 4.8 -0.09324537648232455 1.6 13.554958697825851 2.14
180 0 Car 0 0.5 0 0 0 0 0 2.04 2.14 5.56 -3.3981537010784915 1.6 8.835109021616345 -2.43
180 1 Car 0 0.5 0 0 0 0 0 1.48 2.16 4.8 -0.09324537648232455 1.6 13.554958697825851 2.14
181 0 Car 0 0.4 0 0 0 0 0 2.04 2.14 5.56 -3.5085291462815125 1.6 8.596326147238313 -2.43
181 1 Car 0 0.4 0 0 0 0 0 1.48 2.16 4.8 -0.1172826553317544 1.6 13.218473617583776 2.14
182 0 Car 0 0.4 0 0 0 0 0 2.04 2.14 5.56 -3.600400925576625 1.6 8.674809114620734 -2.43
182 1 Car 0 0.4 0 0 0 0 0 1.48 2.16 4.8 -0.1172826553317544 1.6 13.218473617583776 2.14
183 0 Car 0 0.3 0 0 0 0 0 2.04 2.14 5.56 -3.710776370779646 1.6 8.436026240242702 -2.43
183 1 Car 0 0.3 0 0 0 0 0 1.48 2.16 4.8 -0.1289435084696128 1.6 12.888831350111753 2.14
184 0 Car 0 0.3 0 0 0 0 0 2.04 2.14 5.56 -3.0738448980985793 1.6 8.640253326288143 -2.35
184 1 Car 0 0.3 0 0 0 0 0 1.48 2.16 4.8 0.9592188203608517 1.6 12.685645401581485 2.22
185 0 Car 0 0.3 0 0 0 0 0 2.04 2.14 5.56 -3.1785483360073816 1.6 8.562553969211798 -2.44
185 1 Car 0 0.3 0 0 0 0 0 1.48 2.16 4.8 0.9487047491056095 1.6 12.51834491053128 2.22
186 0 Car 0 0.3 0 0 0 0 0 2.04 2.14 5.56 -3.2739128504267634 1.6 8.481279069091554 -2.44
186 1 Car 0 0.3 0 0 0 0 0 1.48 2.16 4.8 0.9381906778503668 1.6 12.351044419481076 2.22
187 0 Car 0 0.2 0 0 0 0 0 2.04 2.14 5.56 -3.378616288335566 1.6 8.403579712015206 -2.44
187 1 Car 0 0.2 0 0 0 0 0 1.48 2.16 4.8 0.9370155300845445 1.6 12.180168385386976 2.22
188 0 Car 0 0.1 0 0 0 0 0 2.04 2.14 5.56 -3.483319726244368 1.6 8.32588035493886 -2.44
188 1 Car 0 0.1 0 0 0 0 0 1.48 2.16 4.8 0.9300770018731984 1.6 12.022206817826191 2.22
189 0 Car 0 0.1 0 0 0 0 0 2.04 2.14 5.56 -3.56934531717433 1.6 8.24102991177472 -2.44
189 1 Car 0 0.1 0 0 0 0 0 1.48 2.16 4.8 0.9289018541073752 1.6 11.85133078373209 2.22
190 0 Car 0 0.0 0 0 0 0 0 2.04 2.14 5.56 -2.951766478139883 1.6 8.451335673047762 -2.35
190 1 Car 0 0.0 0 0 0 0 0 1.48 2.16 4.8 1.9239529164991451 1.6 11.567930029832235 2.31
191 0 Car 0 0.0 0 0 0 0 0 2.04 2.14 5.56 -3.042337053272742 1.6 8.539636131257803 -2.35
191 1 Car 0 0.0 0 0 0 0 0 1.48 2.16 4.8 1.9239529164991451 1.6 11.567930029832235 2.31
192 0 Car 0 0.0 0 0 0 0 0 2.04 2.14 5.56 -3.1510100383431783 1.6 8.292269637334552 -2.43
192 1 Car 0 0.0 0 0 0 0 0 1.48 2.16 4.8 1.9058505065615687 1.6 11.232263077698946 2.31
193 0 Car 0 0.0 0 0 0 0 0 2.04 2.14 5.56 -3.248310801143434 1.6 8.206057332189125 -2.43
193 1 Car 0 0.0 0 0 0 0 0 1.48 2.16 4.8 1.9034785888816046 1.6 11.066750618933693 2.31
194 0 Car 0 0.0 0 0 0 0 0 2.04 2.14 5.56 -3.3388813762762934 1.6 8.294357790399165 -2.43
194 1 Car 0 0.0 0 0 0 0 0 1.48 2.16 4.8 1.9034785888816046 1.6 11.066750618933693 2.31
195 0 Car 0 0.0 0 0 0 0 0 2.04 2.14 5.56 -3.447554361346729 1.6 8.046991296475916 -2.43
195 1 Car 0 0.0 0 0 0 0 0 1.48 2.16 4.8 1.8853761789440282 1.6 10.731083666800403 2.31
196 0 Car 0 0.0 0 0 0 0 0 2.04 2.14 5.56 -3.538124936479589 1.6 8.135291754685957 -2.43
196 1 Car 0 0.0 0 0 0 0 0 1.48 2.16 4.8 1.8853761789440282 1.6 10.731083666800403 2.31
197 0 Car 0 0.0 0 0 0 0 0 2.04 2.14 5.56 -2.9391230001359814 1.6 8.168350873344734 -2.34
197 1 Car 0 0.0 0 0 0 0 0 1.48 2.16 4.8 2.7822579281215805 1.6 10.200369641410285 2.4
198 0 Car 0 0.0 0 0 0 0 0 2.04 2.14 5.56 -3.029710310511768 1.6 8.094229761649881 -2.34
198 1 Car 0 0.0 0 0 0 0 0 1.48 2.16 4.8 2.7743879445512043 1.6 10.030551905709324 2.4
199 0 Car 0 0.0 0 0 0 0 0 2.04 2.14 5.56 -3.117536950947502 1.6 8.181330170545433 -2.43
199 1 Car 0 0.0 0 0 0 0 0 1.48 2.16 4.8 2.7743879445512043 1.6 10.030551905709324 2.4
200 0 Car 0 0.0 0 0 0 0 0 2.04 2.14 5.56 -3.221829790064171 1.6 8.103722157370344 -2.43
200 1 Car 0 0.0 0 0 0 0 0 1.48 2.16 4.8 2.766517960980829 1.6 9.86073417000836 2.4
