0 0 Car 0 0.5 0 0 0 0 0 1.38 2.0 4.18 -4.011406971104223 1.62 56.360612258138005 1.57
0 1 Car 0 0.5 0 0 0 0 0 1.48 2.16 4.8 -3.830187245421821 1.44 64.3605847212796 1.57
1 0 Car 0 0.5 0 0 0 0 0 1.38 2.0 4.18 -4.011471006812386 1.62 55.94061226301964 1.57
1 1 Car 0 0.5 0 0 0 0 0 1.48 2.16 4.8 -3.8402802495483996 1.45 63.7505862530293 1.57
2 0 Car 0 0.6 0 0 0 0 0 1.38 2.0 4.18 -4.011535042520549 1.62 55.52061226790128 1.57
2 1 Car 0 0.6 0 0 0 0 0 1.48 2.16 4.8 -3.860371728899031 1.47 63.15058930932249 1.57
3 0 Car 0 0.6 0 0 0 0 0 1.38 2.0 4.18 -4.001692082587749 1.62 54.49061075521318 1.57
3 1 Car 0 0.6 0 0 0 0 0 1.48 2.16 4.8 -3.870525719414336 1.48 62.14059084572138 1.57
4 0 Car 0 0.6 0 0 0 0 0 1.38 2.0 4.18 -4.001727149761267 1.62 54.260610757886454 1.57
4 1 Car 0 0.6 0 0 0 0 0 1.48 2.16 4.8 -3.8805531631730337 1.49 61.96059237247323 1.57
5 0 Car 0 0.6 0 0 0 0 0 1.38 2.0 4.18 -4.0018902883511105 1.61 53.190610770323 1.57
5 1 Car 0 0.6 0 0 0 0 0 1.48 2.16 4.8 -3.9007163015304185 1.5 60.890595434229205 1.57
6 0 Car 0 0.6 0 0 0 0 0 1.38 2.0 4.18 -4.001916207566319 1.61 53.0206107722989 1.57
6 1 Car 0 0.6 0 0 0 0 0 1.48 2.16 4.8 -3.910752893247425 1.52 60.65059696167843 1.57
7 0 Car 0 0.6 0 0 0 0 0 1.38 2.0 4.18 -4.002077821496445 1.61 51.96061078461921 1.57
7 1 Car 0 0.6 0 0 0 0 0 1.48 2.16 4.8 -3.930911457625655 1.53 59.610600023085716 1.57
8 0 Car 0 0.6 0 0 0 0 0 1.38 2.0 4.18 -4.002169301079535 1.61 51.360610791592975 1.57
8 1 Car 0 0.6 0 0 0 0 0 1.48 2.16 4.8 -3.9410090357313887 1.55 58.97060155518412 1.57
9 0 Car 0 0.6 0 0 0 0 0 1.38 2.0 4.18 -4.002204368253053 1.61 51.13061079426625 1.57
9 1 Car 0 0.6 0 0 0 0 0 1.48 2.16 4.8 -3.961041053353011 1.56 58.76060460694436 1.57
10 0 Car 0 0.6 0 0 0 0 0 1.38 2.0 4.18 -4.002361408204023 1.61 50.100610806237874 1.57
10 1 Car 0 0.6 0 0 0 0 0 1.48 2.16 4.8 -3.971199617847471 1.58 57.72060614369194 1.57
11 0 Car 0 0.6 0 0 0 0 0 1.38 2.0 4.18 -4.002394950717823 1.61 49.88061080879492 1.57
11 1 Car 0 0.6 0 0 0 0 0 1.48 2.16 4.8 -3.991233160128812 1.59 57.50060919556842 1.57
12 0 Car 0 0.6 0 0 0 0 0 1.38 2.0 4.18 -4.002483380981476 1.61 49.30061081553622 1.57
12 1 Car 0 0.6 0 0 0 0 0 1.48 2.16 4.8 -3.991327689031338 1.59 56.88060920277464 1.57
13 0 Car 0 0.6 0 0 0 0 0 1.38 2.0 4.18 -4.002573335904848 1.61 48.710610822393754 1.57
13 1 Car 0 0.6 0 0 0 0 0 1.48 2.16 4.8 -3.9914176439547098 1.59 56.29060920963217 1.57
14 0 Car 0 0.6 0 0 0 0 0 1.38 2.0 4.18 -4.0027258018766645 1.61 47.71061083401669 1.57
14 1 Car 0 0.6 0 0 0 0 0 1.48 2.16 4.8 -3.9915670606070894 1.59 55.31060922102265 1.57
15 0 Car 0 0.6 0 0 0 0 0 1.38 2.0 4.18 -4.002753245751592 1.61 47.53061083610882 1.57
15 1 Car 0 0.6 0 0 0 0 0 1.48 2.16 4.8 -3.9916006031208893 1.59 55.0906092235797 1.57
16 0 Car 0 0.6 0 0 0 0 0 1.38 2.0 4.18 -4.002844725334682 1.61 46.93061084308258 1.57
16 1 Car 0 0.6 0 0 0 0 0 1.48 2.16 4.8 -3.9916905580442608 1.59 54.50060923043723 1.57
17 0 Car 0 0.6 0 0 0 0 0 1.38 2.0 4.18 -4.002936204917772 1.6 46.33061085005634 1.57
17 1 Car 0 0.6 0 0 0 0 0 1.48 2.16 4.8 -3.9917820376273507 1.59 53.90060923741099 1.57
18 0 Car 0 0.6 0 0 0 0 0 1.38 2.0 4.18 -4.003026159841143 1.6 45.740610856913875 1.57
18 1 Car 0 0.6 0 0 0 0 0 1.48 2.16 4.8 -3.9918719925507222 1.59 53.31060924426853 1.57
19 0 Car 0 0.6 0 0 0 0 0 1.38 2.0 4.18 -4.003117639424233 1.6 45.14061086388764 1.57
19 1 Car 0 0.6 0 0 0 0 0 1.48 2.16 4.8 -3.991963472133812 1.59 52.71060925124229 1.57
20 0 Car 0 0.6 0 0 0 0 0 1.38 2.0 4.18 -4.003204545028169 1.6 44.57061087051271 1.57
20 1 Car 0 0.6 0 0 0 0 0 1.48 2.16 4.8 -3.992053427057184 1.59 52.12060925809982 1.57
21 0 Car 0 0.6 0 0 0 0 0 1.38 2.0 4.18 -4.003292975291822 1.6 43.990610877254014 1.57
21 1 Car 0 0.6 0 0 0 0 0 1.48 2.16 4.8 -3.992140332661119 1.59 51.55060926472489 1.57
22 0 Car 0 0.6 0 0 0 0 0 1.38 2.0 4.18 -4.0033814055554755 1.6 43.41061088399531 1.57
22 1 Car 0 0.6 0 0 0 0 0 1.48 2.16 4.8 -3.9922287629247726 1.6 50.970609271466195 1.57
23 0 Car 0 0.6 0 0 0 0 0 1.38 2.0 4.18 -4.003526248228701 1.6 42.46061089503711 1.57
23 1 Car 0 0.6 0 0 0 0 0 1.48 2.16 4.8 -3.99237208093828 1.6 50.03060928239176 1.57
24 0 Car 0 0.6 0 0 0 0 0 1.38 2.0 4.18 -4.003556741423064 1.6 42.260610897361694 1.57
24 1 Car 0 0.6 0 0 0 0 0 1.48 2.16 4.8 -3.9924040987923615 1.6 49.82060928483257 1.57
25 0 Car 0 0.6 0 0 0 0 0 1.38 2.0 4.18 -4.00365127032559 1.6 41.640610904567914 1.57
25 1 Car 0 0.6 0 0 0 0 0 1.48 2.16 4.8 -3.992491004396297 1.6 49.25060929145764 1.57
26 0 Car 0 0.6 0 0 0 0 0 1.38 2.0 4.18 -4.003828130852897 1.6 40.480610918050516 1.57
26 1 Car 0 0.6 0 0 0 0 0 1.48 2.16 4.8 -3.992638896388959 1.6 48.2806093027319 1.57
27 0 Car 0 0.6 0 0 0 0 0 1.38 2.0 4.18 -4.003928758394296 1.6 39.82061092572166 1.57
27 1 Car 0 0.6 0 0 0 0 0 1.48 2.16 4.8 -3.992731900631767 1.6 47.670609309821884 1.57
28 0 Car 0 0.6 0 0 0 0 0 1.38 2.0 4.18 -4.003998892741332 1.6 39.36061093106821 1.57
28 1 Car 0 0.6 0 0 0 0 0 1.48 2.16 4.8 -3.992770017124721 1.6 47.42060931272762 1.57
29 0 Car 0 0.6 0 0 0 0 0 1.38 2.0 4.18 -4.004139161435402 1.6 38.44061094176131 1.57
29 1 Car 0 0.6 0 0 0 0 0 1.48 2.16 4.8 -3.9929148597979465 1.6 46.47060932376941 1.57
30 0 Car 0 0.6 0 0 0 0 0 1.38 2.0 4.18 -4.004203197143566 1.6 38.02061094664295 1.57
30 1 Car 0 0.6 0 0 0 0 0 1.48 2.16 4.8 -4.002949926855234 1.6 46.24061085110241 1.57
31 0 Car 0 0.6 0 0 0 0 0 1.38 2.0 4.18 -4.00428247944891 1.6 37.50061095268687 1.57
31 1 Car 0 0.6 0 0 0 0 0 1.48 2.16 4.8 -4.003039881778607 1.6 45.65061085795994 1.57
32 0 Car 0 0.6 0 0 0 0 0 1.38 2.0 4.18 -4.004386156309745 1.6 36.82061096059047 1.57
32 1 Car 0 0.6 0 0 0 0 0 1.48 2.16 4.8 -4.003126787382541 1.6 45.08061086458501 1.57
33 0 Car 0 0.6 0 0 0 0 0 1.38 2.0 4.18 -4.0045355729621255 1.6 35.84061097198095 1.57
33 1 Car 0 0.6 0 0 0 0 0 1.48 2.16 4.8 -4.003268580736331 1.6 44.15061087539434 1.57
34 0 Car 0 0.6 0 0 0 0 0 1.38 2.0 4.18 -4.004646873121551 1.6 35.11061098046569 1.57
34 1 Car 0 0.6 0 0 0 0 0 1.48 2.16 4.8 -4.003357010999984 1.6 43.57061088213565 1.57
35 0 Car 0 0.6 0 0 0 0 0 1.38 2.0 4.18 -4.004694137572814 1.6 34.8006109840688 1.57
35 1 Car 0 0.6 0 0 0 0 0 1.48 2.16 4.8 -4.003393602833221 1.6 43.33061088492515 1.57
36 0 Car 0 0.6 0 0 0 0 0 1.38 2.0 4.18 -4.004814585690549 1.6 34.010610993250914 1.57
36 1 Car 0 0.6 0 0 0 0 0 1.48 2.16 4.8 -4.003480508437156 1.6 42.76061089155022 1.57
37 0 Car 0 0.6 0 0 0 0 0 1.38 2.0 4.18 -4.00489691731533 1.6 33.4706109995273 1.57
37 1 Car 0 0.6 0 0 0 0 0 1.48 2.16 4.8 -4.0035674140410915 1.6 42.1906108981753 1.57
38 0 Car 0 0.6 0 0 0 0 0 1.38 2.0 4.18 -3.995057006701967 1.6 32.420609487071665 1.57
38 1 Car 0 0.6 0 0 0 0 0 1.48 2.16 4.8 -4.00370158409629 1.6 41.31061090840348 1.57
39 0 Car 0 0.6 0 0 0 0 0 1.38 2.0 4.18 -3.9951347643475934 1.6 31.910609492999367 1.57
39 1 Car 0 0.6 0 0 0 0 0 1.48 2.16 4.8 -4.003785440380788 1.6 40.760610914796096 1.57
40 0 Car 0 0.6 0 0 0 0 0 1.38 2.0 4.18 -3.9951545849239296 1.6 31.780609494510347 1.57
40 1 Car 0 0.6 0 0 0 0 0 1.48 2.16 4.8 -4.003818982894588 1.6 40.54061091735314 1.57
41 0 Car 0 0.6 0 0 0 0 0 1.38 2.0 4.18 -3.995235391888992 1.6 31.250609500670503 1.57
41 1 Car 0 0.6 0 0 0 0 0 1.48 2.16 4.8 -4.003898265199933 1.6 40.02061092339707 1.57
42 0 Car 0 0.6 0 0 0 0 0 1.38 2.0 4.18 -3.995392431839963 1.6 30.220609512642127 1.57
42 1 Car 0 0.6 0 0 0 0 0 1.48 2.16 4.8 -4.0040278612759765 1.6 39.17061093327657 1.57
43 0 Car 0 0.6 0 0 0 0 0 1.38 2.0 4.18 -3.9954701894855895 1.6 29.71060951856983 1.57
43 1 Car 0 0.6 0 0 0 0 0 1.48 2.16 4.8 -4.004110192900757 1.6 38.63061093955296 1.57
44 0 Car 0 0.5 0 0 0 0 0 1.38 2.0 4.18 -3.9955448978117794 1.6 29.220609524265065 1.57
44 1 Car 0 0.5 0 0 0 0 0 1.48 2.16 4.8 -4.004142210754839 1.6 38.42061094199377 1.57
45 0 Car 0 0.5 0 0 0 0 0 1.38 2.0 4.18 -3.9956668705892326 1.6 28.420609533563415 1.57
45 1 Car 0 0.5 0 0 0 0 0 1.48 2.16 4.8 -4.004271806830883 1.6 37.57061095187326 1.57
46 0 Car 0 0.5 0 0 0 0 0 1.38 2.0 4.18 -3.995698888443314 1.6 28.21060953600423 1.57
46 1 Car 0 0.5 0 0 0 0 0 1.48 2.16 4.8 -4.004303824684964 1.6 37.36061095431408 1.57
47 0 Car 0 0.6 0 0 0 0 0 1.38 2.0 4.18 -3.995784269387531 1.6 27.650609542513074 1.57
47 1 Car 0 0.6 0 0 0 0 0 1.48 2.16 4.8 -4.004383106990309 1.6 36.84061096035801 1.57
48 0 Car 0 0.5 0 0 0 0 0 1.38 2.0 4.18 -3.995875748970621 1.6 27.050609549486836 1.57
48 1 Car 0 0.5 0 0 0 0 0 1.48 2.16 4.8 -4.004463913955371 1.6 36.31061096651817 1.57
49 0 Car 0 0.5 0 0 0 0 0 1.38 2.0 4.18 -3.995968753213429 1.6 26.44060955657683 1.57
49 1 Car 0 0.5 0 0 0 0 0 1.48 2.16 4.8 -4.004543196260716 1.6 35.79061097256209 1.57
50 0 Car 0 0.5 0 0 0 0 0 1.38 2.0 4.18 -3.9960404122201827 1.6 25.970609562039606 1.57
50 1 Car 0 0.5 0 0 0 0 0 1.48 2.16 4.8 -4.004622478566061 1.6 35.27061097860602 1.57
51 0 Car 0 0.5 0 0 0 0 0 1.38 2.0 4.18 -3.9961608603379175 1.6 25.180609571221726 1.57
51 1 Car 0 0.5 0 0 0 0 0 1.48 2.16 4.8 -4.004744451343513 1.6 34.470610987904365 1.57
52 0 Car 0 0.5 0 0 0 0 0 1.38 2.0 4.18 -3.9961974521711534 1.6 24.940609574011233 1.57
52 1 Car 0 0.5 0 0 0 0 0 1.48 2.16 4.8 -4.004774944537877 1.6 34.27061099022896 1.57
53 0 Car 0 0.5 0 0 0 0 0 1.38 2.0 4.18 -3.9963453441638155 1.6 23.97060958528548 1.57
53 1 Car 0 0.5 0 0 0 0 0 1.48 2.16 4.8 -4.00489691731533 1.6 33.4706109995273 1.57
54 0 Car 0 0.5 0 0 0 0 0 1.38 2.0 4.18 -3.996377362017897 1.6 23.7606095877263 1.57
54 1 Car 0 0.5 0 0 0 0 0 1.48 2.16 4.8 -4.004930459829129 1.6 33.25061100208435 1.57
55 0 Car 0 0.5 0 0 0 0 0 1.38 2.0 4.18 -3.996528303329995 1.6 22.770609599233005 1.57
55 1 Car 0 0.5 0 0 0 0 0 1.48 2.16 4.8 -3.995049383403376 1.6 32.47060948649052 1.57
56 0 Car 0 0.5 0 0 0 0 0 1.38 2.0 4.18 -3.9965557472049222 1.6 22.590609601325134 1.57
56 1 Car 0 0.5 0 0 0 0 0 1.48 2.16 4.8 -3.995082925917176 1.6 32.25060948904756 1.57
57 0 Car 0 0.5 0 0 0 0 0 1.38 2.0 4.18 -3.996653325426885 1.6 21.950609608763813 1.57
57 1 Car 0 0.5 0 0 0 0 0 1.48 2.16 4.8 -3.9951561095836476 1.6 31.770609494626576 1.57
58 0 Car 0 0.5 0 0 0 0 0 1.38 2.0 4.18 -3.9967661502460285 1.6 21.210609617364785 1.57
58 1 Car 0 0.5 0 0 0 0 0 1.48 2.16 4.8 -3.9952735083819464 1.6 31.00060950357624 1.57
59 0 Car 0 0.4 0 0 0 0 0 1.38 2.0 4.18 -3.9968332352736278 1.6 20.770609622478876 1.57
59 1 Car 0 0.4 0 0 0 0 0 1.48 2.16 4.8 -3.9953040015763093 1.6 30.800609505900827 1.57
60 0 Car 0 0.4 0 0 0 0 0 1.38 2.0 4.18 -3.996993324544035 1.6 19.72060963468296 1.57
60 1 Car 0 0.4 0 0 0 0 0 1.48 2.16 4.8 -3.9954457949300988 1.6 29.870609516710157 1.57
61 0 Car 0 0.4 0 0 0 0 0 1.38 2.0 4.18 -3.9971076740228972 1.6 18.970609643400163 1.57
61 1 Car 0 0.4 0 0 0 0 0 1.48 2.16 4.8 -3.9955464224714974 1.6 29.210609524381294 1.57
62 0 Car 0 0.4 0 0 0 0 0 1.38 2.0 4.18 -3.9971366425575425 1.6 18.78060964560852 1.57
62 1 Car 0 0.4 0 0 0 0 0 1.48 2.16 4.8 -3.995604359540788 1.6 28.830609528798007 1.57
63 0 Car 0 0.4 0 0 0 0 0 1.38 2.0 4.18 -3.997235745439223 1.6 18.13060965316343 1.57
63 1 Car 0 0.4 0 0 0 0 0 1.48 2.16 4.8 -3.9957034624224685 1.6 28.180609536352918 1.57
64 0 Car 0 0.4 0 0 0 0 0 1.38 2.0 4.18 -3.997325700362595 1.6 17.540609660020962 1.57
64 1 Car 0 0.4 0 0 0 0 0 1.48 2.16 4.8 -3.995802565304149 1.6 27.53060954390783 1.57
65 0 Car 0 0.4 0 0 0 0 0 1.38 2.0 4.18 -3.9973958347096303 1.6 17.08060966536751 1.57
65 1 Car 0 0.4 0 0 0 0 0 1.48 2.16 4.8 -3.9959016681858297 1.6 26.880609551462737 1.57
66 0 Car 0 0.4 0 0 0 0 0 1.38 2.0 4.18 -3.9974812156538477 1.6 16.520609671876358 1.57
66 1 Car 0 0.4 0 0 0 0 0 1.48 2.16 4.8 -3.9960007710675103 1.6 26.230609559017644 1.57
67 0 Car 0 0.4 0 0 0 0 0 1.38 2.0 4.18 -3.99759556513271 1.6 15.770609680593557 1.57
67 1 Car 0 0.4 0 0 0 0 0 1.48 2.16 4.8 -3.996098349289473 1.6 25.590609566456322 1.57
68 0 Car 0 0.4 0 0 0 0 0 1.38 2.0 4.18 -3.9977327845073445 1.6 14.8706096910542 1.57
68 1 Car 0 0.4 0 0 0 0 0 1.48 2.16 4.8 -3.996237093323826 1.6 24.680609577033195 1.57
69 0 Car 0 0.4 0 0 0 0 0 1.38 2.0 4.18 -3.997792246236353 1.6 14.480609695587146 1.57
69 1 Car 0 0.4 0 0 0 0 0 1.48 2.16 4.8 -4.016295030160657 1.6 24.300612630769347 1.63
70 0 Car 0 0.4 0 0 0 0 0 1.38 2.0 4.18 -3.9979157436735244 1.6 13.670609705001723 1.57
70 1 Car 0 0.4 0 0 0 0 0 1.48 2.16 4.8 -4.076430724178198 1.6 23.41062178907207 1.71
71 0 Car 0 0.4 0 0 0 0 0 1.38 2.0 4.18 -3.99796910676366 1.6 13.320609709069752 1.57
71 1 Car 0 0.4 0 0 0 0 0 1.48 2.16 4.8 -4.156487135657935 1.6 23.0406339906503 1.8
72 0 Car 0 0.5 0 0 0 0 0 1.38 2.0 4.18 -3.9980590616870315 1.6 12.730609715927285 1.57
72 1 Car 0 0.5 0 0 0 0 0 1.48 2.16 4.8 -4.276581663165709 1.6 22.42065229377314 1.88
73 0 Car 0 0.5 0 0 0 0 0 1.38 2.0 4.18 -3.9981261467146307 1.6 12.290609721041376 1.57
73 1 Car 0 0.5 0 0 0 0 0 1.48 2.16 4.8 -4.426673141005358 1.6 21.820675170642673 1.97
74 0 Car 0 0.5 0 0 0 0 0 1.38 2.0 4.18 -3.998213052318566 1.6 11.720609727666451 1.57
74 1 Car 0 0.5 0 0 0 0 0 1.48 2.16 4.8 -4.596763093952831 1.6 21.230701096715414 2.05
75 0 Car 0 0.5 0 0 0 0 0 1.38 2.0 4.18 -3.99835941965151 1.6 10.760609738824469 1.57
75 1 Car 0 0.5 0 0 0 0 0 1.48 2.16 4.8 -4.806888113608903 1.6 20.410733124100304 2.14
76 0 Car 0 0.5 0 0 0 0 0 1.38 2.0 4.18 -3.998385338866719 1.6 10.590609740800367 1.57
76 1 Car 0 0.5 0 0 0 0 0 1.48 2.16 4.8 -5.036933850727173 1.6 20.110768194760706 2.22
77 0 Car 0 0.5 0 0 0 0 0 1.38 2.0 4.18 -3.9984951143664267 1.6 9.870609749168882 1.57
77 1 Car 0 0.5 0 0 0 0 0 1.48 2.16 4.8 -5.287014654786502 1.6 19.580806317413813 2.31
78 0 Car 0 0.5 0 0 0 0 0 1.38 2.0 4.18 -3.9986125131647254 1.6 9.100609758118543 1.57
78 1 Car 0 0.5 0 0 0 0 0 1.48 2.16 4.8 -5.5671274763512235 1.6 18.840849016486896 2.41
79 0 Car 0 0.5 0 0 0 0 0 1.38 2.0 4.18 -3.9986872214909153 1.6 8.610609763813782 1.57
79 1 Car 0 0.5 0 0 0 0 0 1.48 2.16 4.8 -5.8172082804105525 1.6 18.310887139140004 2.49
80 0 Car 0 0.5 0 0 0 0 0 1.38 2.0 4.18 -3.998748207879642 1.6 8.210609768462957 1.57
80 1 Car 0 0.5 0 0 0 0 0 1.48 2.16 4.8 -6.117243344097189 1.6 18.080932881604824 2.49
81 0 Car 0 0.5 0 0 0 0 0 1.38 2.0 4.18 -3.9988107189280866 1.6 7.800609773228362 1.57
81 1 Car 0 0.5 0 0 0 0 0 1.48 2.16 4.8 -6.437310425405449 1.6 17.6409816758299 2.57
82 0 Car 0 0.6 0 0 0 0 0 1.38 2.0 4.18 -3.998944888983285 1.6 6.920609783456546 1.57
82 1 Car 0 0.6 0 0 0 0 0 1.48 2.16 4.8 -6.767411049111278 1.6 16.98103199727174 2.64
83 0 Car 0 0.6 0 0 0 0 0 1.38 2.0 4.18 -3.999016547990039 1.6 6.450609788919326 1.57
83 1 Car 0 0.6 0 0 0 0 0 1.48 2.16 4.8 -7.117435439598741 1.6 16.82108536222154 2.72
84 0 Car 0 0.5 0 0 0 0 0 1.38 2.0 4.18 -3.9990897316565106 1.6 5.970609794498335 1.57
84 1 Car 0 0.5 0 0 0 0 0 1.48 2.16 4.8 -7.467491847940285 1.6 16.45113872961216 2.8
85 0 Car 0 0.5 0 0 0 0 0 1.38 2.0 4.18 -3.9991720632812915 1.6 5.430609800774721 1.57
85 1 Car 0 0.5 0 0 0 0 0 1.48 2.16 4.8 -7.827546731505882 1.6 16.091193621546275 2.8
86 0 Car 0 0.2 0 0 0 0 0 1.38 2.0 4.18 -3.9992787894615627 1.6 4.730609808910777 1.57
86 1 Car 0 0.2 0 0 0 0 0 1.48 2.16 4.8 -8.187597041092324 1.6 15.761248513131699 2.87
87 0 Car 0 0.0 0 0 0 0 0 1.38 2.0 4.18 -3.999399237579298 1.6 3.9406098180928963 1.57
87 1 Car 0 0.0 0 0 0 0 0 1.48 2.16 4.8 -8.55767936841662 1.6 15.221304931817658 2.95
88 1 Car 0 0.0 0 0 0 0 0 1.48 2.16 4.8 -8.937717480492857 1.6 14.97136287179268 -3.14
89 1 Car 0 0.0 0 0 0 0 0 1.48 2.16 4.8 -9.317720525395577 1.6 14.95142080909443 -3.14
90 1 Car 0 0.0 0 0 0 0 0 1.48 2.16 4.8 -9.69775558815238 1.6 14.721478748836995 -3.14
91 1 Car 0 0.0 0 0 0 0 0 1.48 2.16 4.8 -10.077789126249463 1.6 14.50153668846333 -3.14
92 1 Car 0 0.0 0 0 0 0 0 1.48 2.16 4.8 -10.447824189122494 1.6 14.271593103546177 -3.14
93 1 Car 0 0.0 0 0 0 0 0 1.48 2.16 4.8 -10.827892794393096 1.6 13.821651045845792 -3.14
94 1 Car 0 0.0 0 0 0 0 0 1.48 2.16 4.8 -11.20789278997638 1.6 13.821708982915082 -3.14
95 1 Car 0 0.0 0 0 0 0 0 1.48 2.16 4.8 -11.587926328073465 1.6 13.601766922541417 -3.14
96 1 Car 0 0.0 0 0 0 0 0 1.48 2.16 4.8 -11.96799188402463 1.6 13.17182486460857 -3.14
97 1 Car 0 0.0 0 0 0 0 0 1.48 2.16 4.8 -12.337991879724143 1.6 13.171881277018143 -3.14
98 1 Car 0 0.0 0 0 0 0 0 1.48 2.16 4.8 -12.718052861696155 1.6 12.771939218736607 -3.14
99 1 Car 0 0.0 0 0 0 0 0 1.48 2.16 4.8 -13.098113843668164 1.6 12.37199716045507 -3.14
100 1 Car 0 0.0 0 0 0 0 0 1.48 2.16 4.8 -13.478174825640176 1.6 11.972055102173536 -3.14
102 1 Car 0 0.0 0 0 0 0 0 1.48 2.16 4.8 -13.58443517997311 1.6 11.956103915620211 -3.09
107 1 Car 0 0.0 0 0 0 0 0 1.48 2.16 4.8 -13.339061577806032 1.6 12.766449632669953 -2.9
108 1 Car 0 0.0 0 0 0 0 0 1.48 2.16 4.8 -13.741049722168519 1.6 12.43342481108453 -2.9
109 1 Car 0 0.0 0 0 0 0 0 1.48 2.16 4.8 -14.14303786653101 1.6 12.100399989499106 -2.9
112 1 Car 0 0.0 0 0 0 0 0 1.48 2.16 4.8 -14.308823314649372 1.6 11.872542918437757 -2.82
114 1 Car 0 0.0 0 0 0 0 0 1.48 2.16 4.8 -14.006413684055898 1.6 12.854869727503724 -2.74
115 1 Car 0 0.0 0 0 0 0 0 1.48 2.16 4.8 -14.361921830181833 1.6 12.582630938867533 -2.74
116 1 Car 0 0.0 0 0 0 0 0 1.48 2.16 4.8 -13.64275220929869 1.6 13.441231794581762 -2.66
117 1 Car 0 0.0 0 0 0 0 0 1.48 2.16 4.8 -13.983086738785886 1.6 13.20212427057064 -2.66
118 1 Car 0 0.0 0 0 0 0 0 1.48 2.16 4.8 -13.20519686022606 1.6 13.635133878428762 -2.58
119 1 Car 0 0.0 0 0 0 0 0 1.48 2.16 4.8 -13.526296928432023 1.6 13.838344966212194 -2.58
120 1 Car 0 0.0 0 0 0 0 0 1.48 2.16 4.8 -12.687205740547412 1.6 14.67680178025924 -2.5
121 1 Car 0 0.0 0 0 0 0 0 1.48 2.16 4.8 -12.995401221780336 1.6 14.483112479192798 -2.5
122 1 Car 0 0.0 0 0 0 0 0 1.48 2.16 4.8 -12.079098832019012 1.6 15.305357604653247 -2.42
123 1 Car 0 0.0 0 0 0 0 0 1.48 2.16 4.8 -10.96269088066985 1.6 15.774292651490846 -2.33
124 1 Car 0 0.0 0 0 0 0 0 1.48 2.16 4.8 -11.21630259227487 1.6 16.04370144818608 -2.33
125 1 Car 0 0.0 0 0 0 0 0 1.48 2.16 4.8 -10.178529608223776 1.6 16.354266569140663 -2.24
126 1 Car 0 0.0 0 0 0 0 0 1.48 2.16 4.8 -10.412843973398507 1.6 16.23099135560297 -2.24
127 1 Car 0 0.0 0 0 0 0 0 1.48 2.16 4.8 -10.643855261530582 1.6 16.520013473710843 -2.24
128 1 Car 0 0.0 0 0 0 0 0 1.48 2.16 4.8 -9.506977763822384 1.6 16.79509076480942 -2.16
129 1 Car 0 0.0 0 0 0 0 0 1.48 2.16 4.8 -8.320219037575043 1.6 17.417969318114377 -2.08
130 1 Car 0 0.0 0 0 0 0 0 1.48 2.16 4.8 -8.506558617496832 1.6 17.749145345257904 -2.08
131 1 Car 0 0.0 0 0 0 0 0 1.48 2.16 4.8 -8.694480621442512 1.6 17.654883367594376 -2.08
132 1 Car 0 0.0 0 0 0 0 0 1.48 2.16 4.8 -7.403187198793387 1.6 17.79490992670718 -2.0
133 1 Car 0 0.0 0 0 0 0 0 1.48 2.16 4.8 -6.065600564222747 1.6 18.268072963377953 -1.92
134 1 Car 0 0.0 0 0 0 0 0 1.48 2.16 4.8 -6.196157310057653 1.6 18.62494119692782 -1.92
135 1 Car 0 0.0 0 0 0 0 0 1.48 2.16 4.8 -4.788140362396055 1.6 19.001166066060097 -1.84
136 1 Car 0 0.0 0 0 0 0 0 1.48 2.16 4.8 -3.3606409978760414 1.6 18.85434146512136 -1.76
137 1 Car 0 0.0 0 0 0 0 0 1.48 2.16 4.8 -3.432005012671728 1.6 19.22758023239004 -1.76
138 1 Car 0 0.0 0 0 0 0 0 1.48 2.16 4.8 -3.5030695936971656 1.6 19.173267937983717 -1.76
139 1 Car 0 0.0 0 0 0 0 0 1.48 2.16 4.8 -2.007507123544505 1.6 19.346330792915694 -1.68
140 1 Car 0 0.0 0 0 0 0 0 1.48 2.16 4.8 -2.05290311715685 1.6 19.30117324909467 -1.68
141 1 Car 0 0.0 0 0 0 0 0 1.48 2.16 4.8 0.03231016403109139 1.6 18.939996199928352 -1.57
142 1 Car 0 0.0 0 0 0 0 0 1.48 2.16 4.8 0.03230528512031155 1.6 18.899996200225896 -1.57
143 1 Car 0 0.0 0 0 0 0 0 1.48 2.16 4.8 0.03235163477271998 1.6 19.2799961973992 -1.57
144 1 Car 0 0.0 0 0 0 0 0 1.48 2.16 4.8 0.022294307645443708 1.6 18.80999742062307 -1.57
145 1 Car 0 0.0 0 0 0 0 0 1.48 2.16 4.8 0.02234065729785214 1.6 19.189997417796377 -1.57
146 1 Car 0 0.0 0 0 0 0 0 1.48 2.16 4.8 0.012334558733764127 1.6 19.139998637896003 -1.57
147 1 Car 0 0.0 0 0 0 0 0 1.48 2.16 4.8 0.012328460095289333 1.6 19.089998638267936 -1.57
148 1 Car 0 0.0 0 0 0 0 0 1.48 2.16 4.8 0.0023223615312013214 1.6 19.039999858367565 -1.57
149 1 Car 0 0.0 0 0 0 0 0 1.48 2.16 4.8 0.0023162628927265276 1.6 18.9899998587395 -1.57
150 1 Car 0 0.0 0 0 0 0 0 1.48 2.16 4.8 0.002308944526556776 1.6 18.92999985918582 -1.57
151 1 Car 0 0.0 0 0 0 0 0 1.48 2.16 4.8 0.002250397597198759 1.6 18.449999862756385 -1.57
152 1 Car 0 0.0 0 0 0 0 0 1.48 2.16 4.8 0.0022943077942172716 1.6 18.80999986007846 -1.57
153 1 Car 0 0.0 0 0 0 0 0 1.48 2.16 4.8 0.0022345411371642965 1.6 18.319999863723414 -1.57
154 1 Car 0 0.0 0 0 0 0 0 1.48 2.16 4.8 0.0022272227709945447 1.6 18.259999864169735 -1.57
155 1 Car 0 0.0 0 0 0 0 0 1.48 2.16 4.8 0.002269913240318098 1.6 18.609999861566198 -1.57
156 1 Car 0 0.0 0 0 0 0 0 1.48 2.16 4.8 0.0022613751464533875 1.6 18.539999862086905 -1.57
157 1 Car 0 0.0 0 0 0 0 0 1.48 2.16 4.8 0.002256496235673553 1.6 18.499999862384453 -1.57
158 1 Car 0 0.0 0 0 0 0 0 1.48 2.16 4.8 0.0022138057663499988 1.6 18.14999986498799 -1.57
159 1 Car 0 0.0 0 0 0 0 0 1.48 2.16 4.8 0.0022552765079785937 1.6 18.489999862458838 -1.57
160 1 Car 0 0.0 0 0 0 0 0 1.48 2.16 4.8 0.002245518686418925 1.6 18.409999863053933 -1.57
161 1 Car 0 0.0 0 0 0 0 0 1.48 2.16 4.8 0.0022357608648592552 1.6 18.329999863649025 -1.57
162 1 Car 0 0.0 0 0 0 0 0 1.48 2.16 4.8 0.002226003043299586 1.6 18.24999986424412 -1.57
163 1 Car 0 0.0 0 0 0 0 0 1.48 2.16 4.8 0.00217599420780628 1.6 17.83999986729398 -1.57
164 1 Car 0 0.0 0 0 0 0 0 1.48 2.16 4.8 0.0022162452217399167 1.6 18.16999986483922 -1.57
165 1 Car 0 0.0 0 0 0 0 0 1.48 2.16 4.8 0.0022162452217399167 1.6 18.16999986483922 -1.57
166 1 Car 0 0.0 0 0 0 0 0 1.48 2.16 4.8 0.0022162452217399167 1.6 18.16999986483922 -1.57
167 1 Car 0 0.0 0 0 0 0 0 1.48 2.16 4.8 0.0022162452217399167 1.6 18.16999986483922 -1.57
168 1 Car 0 0.0 0 0 0 0 0 1.48 2.16 4.8 0.00217599420780628 1.6 17.83999986729398 -1.57
169 1 Car 0 0.0 0 0 0 0 0 1.48 2.16 4.8 0.002215025494044958 1.6 18.159999864913605 -1.57
170 1 Car 0 0.0 0 0 0 0 0 1.48 2.16 4.8 0.00217599420780628 1.6 17.83999986729398 -1.57
171 1 Car 0 0.0 0 0 0 0 0 1.48 2.16 4.8 0.002215025494044958 1.6 18.159999864913605 -1.57
172 1 Car 0 0.0 0 0 0 0 0 1.48 2.16 4.8 0.002215025494044958 1.6 18.159999864913605 -1.57
173 1 Car 0 0.0 0 0 0 0 0 1.48 2.16 4.8 0.0022138057663499988 1.6 18.14999986498799 -1.57
174 1 Car 0 0.0 0 0 0 0 0 1.48 2.16 4.8 0.00217599420780628 1.6 17.83999986729398 -1.57
175 1 Car 0 0.0 0 0 0 0 0 1.48 2.16 4.8 0.0022138057663499988 1.6 18.14999986498799 -1.57
176 1 Car 0 0.0 0 0 0 0 0 1.48 2.16 4.8 0.002152819381602065 1.6 17.64999986870733 -1.57
177 1 Car 0 0.0 0 0 0 0 0 1.48 2.16 4.8 0.002146720743127272 1.6 17.599999869079266 -1.57
178 1 Car 0 0.0 0 0 0 0 0 1.48 2.16 4.8 0.002183312573976032 1.6 17.899999866847658 -1.57
179 1 Car 0 0.0 0 0 0 0 0 1.48 2.16 4.8 0.0021808731185861147 1.6 17.87999986699643 -1.57
180 1 Car 0 0.0 0 0 0 0 0 1.48 2.16 4.8 0.0021430615600423956 1.6 17.569999869302425 -1.57
181 1 Car 0 0.0 0 0 0 0 0 1.48 2.16 4.8 0.0021796533908911564 1.6 17.86999986707082 -1.57
182 1 Car 0 0.0 0 0 0 0 0 1.48 2.16 4.8 0.0021796533908911564 1.6 17.86999986707082 -1.57
183 1 Car 0 0.0 0 0 0 0 0 1.48 2.16 4.8 0.0021430615600423956 1.6 17.569999869302425 -1.57
184 1 Car 0 0.0 0 0 0 0 0 1.48 2.16 4.8 0.0021430615600423956 1.6 17.569999869302425 -1.57
185 1 Car 0 0.0 0 0 0 0 0 1.48 2.16 4.8 0.0021796533908911564 1.6 17.86999986707082 -1.57
186 1 Car 0 0.0 0 0 0 0 0 1.48 2.16 4.8 0.0021430615600423956 1.6 17.569999869302425 -1.57
187 1 Car 0 0.0 0 0 0 0 0 1.48 2.16 4.8 0.002178433663196197 1.6 17.859999867145206 -1.57
188 1 Car 0 0.0 0 0 0 0 0 1.48 2.16 4.8 0.0021430615600423956 1.6 17.569999869302425 -1.57
189 1 Car 0 0.0 0 0 0 0 0 1.48 2.16 4.8 0.002178433663196197 1.6 17.859999867145206 -1.57
190 1 Car 0 0.0 0 0 0 0 0 1.48 2.16 4.8 0.002178433663196197 1.6 17.859999867145206 -1.57
191 1 Car 0 0.0 0 0 0 0 0 1.48 2.16 4.8 0.002127205100007933 1.6 17.439999870269453 -1.57
192 1 Car 0 0.0 0 0 0 0 0 1.48 2.16 4.8 0.002161357475466776 1.6 17.71999986818662 -1.57
193 1 Car 0 0.0 0 0 0 0 0 1.48 2.16 4.8 0.0021479404708222303 1.6 17.609999869004877 -1.57
194 1 Car 0 0.0 0 0 0 0 0 1.48 2.16 4.8 0.0021381826492625614 1.6 17.529999869599973 -1.57
195 1 Car 0 0.0 0 0 0 0 0 1.48 2.16 4.8 0.0020954921799390073 1.6 17.179999872203506 -1.57
196 1 Car 0 0.0 0 0 0 0 0 1.48 2.16 4.8 0.0020954921799390073 1.6 17.179999872203506 -1.57
197 1 Car 0 0.0 0 0 0 0 0 1.48 2.16 4.8 0.0021284248277028918 1.6 17.449999870195064 -1.57
198 1 Car 0 0.0 0 0 0 0 0 1.48 2.16 4.8 0.0021284248277028918 1.6 17.449999870195064 -1.57
199 1 Car 0 0.0 0 0 0 0 0 1.48 2.16 4.8 0.002127205100007933 1.6 17.439999870269453 -1.57
200 1 Car 0 0.0 0 0 0 0 0 1.48 2.16 4.8 0.0020954921799390073 1.6 17.179999872203506 -1.57
201 1 Car 0 0.0 0 0 0 0 0 1.48 2.16 4.8 0.0020954921799390073 1.6 17.179999872203506 -1.57
