0 0 Car 0 0.0 0 0 0 0 0 2.1 2.38 6.28 -31.773652385723974 2.17 42.696829086844104 -0.02
0 1 Car 0 0.0 0 0 0 0 0 1.48 2.16 4.8 -24.735632762563515 2.16 100.61784668653765 0.67
1 0 Car 0 0.0 0 0 0 0 0 2.1 2.38 6.28 -31.773652385723974 2.16 42.696829086844104 -0.02
1 1 Car 0 0.0 0 0 0 0 0 1.48 2.16 4.8 -24.45628846169146 2.16 100.37708381238488 0.72
2 0 Car 0 0.0 0 0 0 0 0 2.1 2.38 6.28 -31.774552539714044 2.16 42.36683031453913 -0.02
2 1 Car 0 0.0 0 0 0 0 0 1.48 2.16 4.8 -24.177844314809477 2.16 99.80632216592711 0.72
3 0 Car 0 0.0 0 0 0 0 0 2.1 2.38 6.28 -31.775452693704118 2.16 42.03683154223415 -0.02
3 1 Car 0 0.0 0 0 0 0 0 1.48 2.16 4.8 -23.8994001679275 2.16 99.23556051946936 0.72
4 0 Car 0 0.0 0 0 0 0 0 2.1 2.38 6.28 -31.776352847694188 2.15 41.706832769929164 -0.02
4 1 Car 0 0.0 0 0 0 0 0 1.48 2.16 4.8 -23.61095605824839 2.16 98.66477159561796 0.72
5 0 Car 0 0.0 0 0 0 0 0 2.1 2.38 6.28 -31.528154085746312 2.14 41.046153290478244 -0.02
5 1 Car 0 0.0 0 0 0 0 0 1.48 2.16 4.8 -23.34343930554724 2.14 97.75403849145175 0.72
6 0 Car 0 0.0 0 0 0 0 0 2.1 2.38 6.28 -31.258155090224058 2.14 41.045416800850006 -0.02
6 1 Car 0 0.0 0 0 0 0 0 1.48 2.16 4.8 -23.074122244865947 2.14 97.5033029318955 0.78
7 0 Car 0 0.0 0 0 0 0 0 2.1 2.38 6.28 -31.089956030653145 2.12 40.38495554054819 -0.02
7 1 Car 0 0.0 0 0 0 0 0 1.48 2.16 4.8 -22.806632769558433 2.13 96.58256986493217 0.78
8 0 Car 0 0.0 0 0 0 0 0 2.1 2.38 6.28 -30.890856928700806 2.11 40.05441122037044 -0.02
8 1 Car 0 0.0 0 0 0 0 0 1.48 2.16 4.8 -22.538215862867208 2.12 96.00183553307093 0.78
9 0 Car 0 0.0 0 0 0 0 0 2.1 2.38 6.28 -30.61173084697786 2.11 39.7336486438407 -0.02
9 1 Car 0 0.0 0 0 0 0 0 1.48 2.16 4.8 -22.279826196366745 2.11 95.41112851580621 0.78
10 0 Car 0 0.0 0 0 0 0 0 2.1 2.38 6.28 -30.372631893837035 2.1 39.4029952140884 -0.02
10 1 Car 0 0.0 0 0 0 0 0 1.48 2.16 4.8 -22.01140928967552 2.11 94.83039418394497 0.78
11 0 Car 0 0.0 0 0 0 0 0 2.1 2.38 6.28 -30.10263289831478 2.1 39.40225872446016 -0.02
11 1 Car 0 0.0 0 0 0 0 0 1.48 2.16 4.8 -21.752119469184986 2.11 94.56968593898524 0.78
12 0 Car 0 0.0 0 0 0 0 0 2.1 2.38 6.28 -29.844434173569784 2.08 38.74155196761559 -0.02
12 1 Car 0 0.0 0 0 0 0 0 1.48 2.16 4.8 -21.50468447425899 2.09 93.62900750121494 0.85
13 0 Car 0 0.0 0 0 0 0 0 2.1 2.38 6.28 -29.56440793785677 2.08 38.75078816339084 -0.02
13 1 Car 0 0.0 0 0 0 0 0 1.48 2.16 4.8 -21.255394616565578 2.09 93.36832653364884 0.85
14 0 Car 0 0.0 0 0 0 0 0 2.1 2.38 6.28 -29.326209138706016 2.07 38.09013596133355 -0.02
14 1 Car 0 0.0 0 0 0 0 0 1.48 2.16 4.8 -20.997959658842458 2.08 92.42762081848491 0.85
15 0 Car 0 0.0 0 0 0 0 0 2.1 2.38 6.28 -29.05618286579012 2.07 38.099399434502445 -0.02
15 1 Car 0 0.0 0 0 0 0 0 1.48 2.16 4.8 -20.748697078542683 2.08 92.15693988812167 0.85
16 0 Car 0 0.0 0 0 0 0 0 2.1 2.38 6.28 -28.797083987055053 2.07 37.76869144996285 -0.02
16 1 Car 0 0.0 0 0 0 0 0 1.48 2.16 4.8 -20.50033465223298 2.07 91.5562601854535 0.85
17 0 Car 0 0.0 0 0 0 0 0 2.1 2.38 6.28 -28.547985071117107 2.06 37.438010742816914 -0.02
17 1 Car 0 0.0 0 0 0 0 0 1.48 2.16 4.8 -20.261999466114034 2.06 90.94560779738181 0.85
18 0 Car 0 0.0 0 0 0 0 0 2.1 2.38 6.28 -28.289786346372114 2.05 36.77730398597236 -0.02
18 1 Car 0 0.0 0 0 0 0 0 1.48 2.16 4.8 -20.024591711378793 2.05 89.99495667420801 0.9
19 0 Car 0 0.0 0 0 0 0 0 2.1 2.38 6.28 -28.02976003625334 2.05 36.78659473653487 -0.02
19 1 Car 0 0.0 0 0 0 0 0 1.48 2.16 4.8 -19.785356371269778 2.05 89.71430305844133 0.9
20 0 Car 0 0.0 0 0 0 0 0 2.1 2.38 6.28 -27.891560865073792 2.04 36.12621530841397 -0.02
20 1 Car 0 0.0 0 0 0 0 0 1.48 2.16 4.8 -19.55794857933166 2.04 88.76367921266117 0.9
21 0 Car 0 0.0 0 0 0 0 0 2.1 2.38 6.28 -27.67246183752721 2.03 35.79561643344895 -0.02
21 1 Car 0 0.0 0 0 0 0 0 1.48 2.16 4.8 -19.319640670606354 2.03 88.14302686179238 0.9
22 0 Car 0 0.0 0 0 0 0 0 2.1 2.38 6.28 -27.433362884386387 2.03 35.46496300369664 -0.02
22 1 Car 0 0.0 0 0 0 0 0 1.48 2.16 4.8 -19.091305447284526 2.03 87.53240175111434 0.9
23 0 Car 0 0.0 0 0 0 0 0 2.1 2.38 6.28 -27.264263670825407 2.02 35.13450051569981 -0.02
23 1 Car 0 0.0 0 0 0 0 0 1.48 2.16 4.8 -18.86302477874998 2.02 86.90177671484204 0.9
24 0 Car 0 0.0 0 0 0 0 0 2.1 2.38 6.28 -27.01516475488746 2.02 34.80381980855386 -0.02
24 1 Car 0 0.0 0 0 0 0 0 1.48 2.16 4.8 -18.644716795618912 2.02 86.28117891876053 0.95
25 0 Car 0 0.0 0 0 0 0 0 2.1 2.38 6.28 -26.79513829595717 2.02 34.81321966869094 -0.02
25 1 Car 0 0.0 0 0 0 0 0 1.48 2.16 4.8 -18.425535935891414 2.02 85.98057993218687 0.95
26 0 Car 0 0.0 0 0 0 0 0 2.1 2.38 6.28 -26.63603904519331 2.01 34.482784458087735 -0.02
26 1 Car 0 0.0 0 0 0 0 0 1.48 2.16 4.8 -18.20725523015399 2.01 85.3499821733082 0.95
27 0 Car 0 0.0 0 0 0 0 0 2.1 2.38 6.28 -26.406940054849606 2.0 34.152158305729074 -0.02
27 1 Car 0 0.0 0 0 0 0 0 1.48 2.16 4.8 -17.97897456161944 2.0 84.71935713703594 0.95
28 0 Car 0 0.0 0 0 0 0 0 2.1 2.38 6.28 -26.26784072967999 2.0 33.82177764991315 -0.02
28 1 Car 0 0.0 0 0 0 0 0 1.48 2.16 4.8 -17.760666578488372 2.0 84.0987593409544 0.95
29 0 Car 0 0.0 0 0 0 0 0 2.1 2.38 6.28 -26.039641893326355 1.99 33.16115272524951 -0.02
29 1 Car 0 0.0 0 0 0 0 0 1.48 2.16 4.8 -17.553313266931777 1.99 83.1281901243673 0.95
30 0 Car 0 0.0 0 0 0 0 0 2.1 2.38 6.28 -25.799615508801825 1.99 33.170498030599305 -0.02
30 1 Car 0 0.0 0 0 0 0 0 1.48 2.16 4.8 -17.344159647395035 1.99 82.81761845239015 1.0
31 0 Car 0 0.0 0 0 0 0 0 2.1 2.38 6.28 -25.65144365221879 1.98 32.50009136228764 -0.02
31 1 Car 0 0.0 0 0 0 0 0 1.48 2.16 4.8 -17.14680629863556 1.98 81.84707651319668 1.0
32 0 Car 0 0.0 0 0 0 0 0 2.1 2.38 6.28 -25.41231742168433 1.97 32.17943789533246 -0.02
32 1 Car 0 0.0 0 0 0 0 0 1.48 2.16 4.8 -16.938552833088888 1.97 81.20650606891455 1.0
33 0 Car 0 0.0 0 0 0 0 0 2.1 2.38 6.28 -25.172318314553436 1.97 32.178783237885135 -0.02
33 1 Car 0 0.0 0 0 0 0 0 1.48 2.16 4.8 -16.739371898955632 1.97 80.90596163712817 1.0
34 0 Car 0 0.0 0 0 0 0 0 2.1 2.38 6.28 -24.964119403794044 1.96 31.51821286800877 -0.02
34 1 Car 0 0.0 0 0 0 0 0 1.48 2.16 4.8 -16.53204586479267 1.96 79.92539245774392 1.0
35 0 Car 0 0.0 0 0 0 0 0 2.1 2.38 6.28 -24.73409298206663 1.96 31.527585450752206 -0.02
35 1 Car 0 0.0 0 0 0 0 0 1.48 2.16 4.8 -16.332892208053053 1.96 79.61484806316042 1.0
36 0 Car 0 0.0 0 0 0 0 0 2.1 2.38 6.28 -24.414994326548843 1.95 31.196713801850795 -0.02
36 1 Car 0 0.0 0 0 0 0 0 1.48 2.16 4.8 -16.144665945494264 1.95 78.96433221086846 1.06
37 0 Car 0 0.0 0 0 0 0 0 2.1 2.38 6.28 -24.105868356434538 1.95 30.875869393140142 -0.02
37 1 Car 0 0.0 0 0 0 0 0 1.48 2.16 4.8 -15.966412368338958 1.95 78.32384359876724 1.06
38 0 Car 0 0.0 0 0 0 0 0 2.1 2.38 6.28 -23.667643023947733 1.93 30.224671606007206 -0.02
38 1 Car 0 0.0 0 0 0 0 0 1.48 2.16 4.8 -15.76908629697312 1.93 77.34330169677665 1.06
39 0 Car 0 0.0 0 0 0 0 0 2.1 2.38 6.28 -23.208517611876616 1.93 29.903418036391976 -0.02
39 1 Car 0 0.0 0 0 0 0 0 1.48 2.16 4.8 -15.590832719817813 1.93 76.70281308467544 1.06
40 0 Car 0 0.0 0 0 0 0 0 2.1 2.38 6.28 -23.009391232530636 1.92 29.582873679011346 -0.02
40 1 Car 0 0.0 0 0 0 0 0 1.48 2.16 4.8 -15.402579179865384 1.92 76.06229719518058 1.06
41 0 Car 0 0.0 0 0 0 0 0 2.1 2.38 6.28 -22.75026507640193 1.92 29.262165657268888 -0.02
41 1 Car 0 0.0 0 0 0 0 0 1.48 2.16 4.8 -15.214352917306595 1.92 75.41178134288863 1.06
42 0 Car 0 0.0 0 0 0 0 0 2.1 2.38 6.28 -22.54023858026876 1.92 29.2715927947996 -0.02
42 1 Car 0 0.0 0 0 0 0 0 1.48 2.16 4.8 -15.045226426351977 1.92 75.0913188176889 1.11
43 0 Car 0 0.0 0 0 0 0 0 2.1 2.38 6.28 -22.221985523953766 1.91 28.630722299187447 -0.02
43 1 Car 0 0.0 0 0 0 0 0 1.48 2.16 4.8 -14.877872965983862 1.91 74.12085871067634 1.11
44 0 Car 0 0.0 0 0 0 0 0 2.1 2.38 6.28 -22.00195906502347 1.91 28.640122159324516 -0.02
44 1 Car 0 0.0 0 0 0 0 0 1.48 2.16 4.8 -14.708773752422882 1.91 73.79039622267952 1.11
45 0 Car 0 0.0 0 0 0 0 0 2.1 2.38 6.28 -21.512806487167357 1.9 28.328786720325493 -0.02
45 1 Car 0 0.0 0 0 0 0 0 1.48 2.16 4.8 -14.530520175267574 1.9 73.14990761057831 1.11
46 0 Car 0 0.0 0 0 0 0 0 2.1 2.38 6.28 -21.20450621793314 1.89 27.70793778060061 -0.02
46 1 Car 0 0.0 0 0 0 0 0 1.48 2.16 4.8 -14.363158662718083 1.89 72.1894436412249 1.11
47 0 Car 0 0.0 0 0 0 0 0 2.1 2.38 6.28 -20.874507445388446 1.89 27.70703771449453 -0.02
47 1 Car 0 0.0 0 0 0 0 0 1.48 2.16 4.8 -14.204032049223523 1.89 71.8690084357968 1.11
48 0 Car 0 0.0 0 0 0 0 0 2.1 2.38 6.28 -20.425327361105754 1.88 27.405811467491063 -0.02
48 1 Car 0 0.0 0 0 0 0 0 1.48 2.16 4.8 -14.045805501835044 1.88 71.218574457824 1.16
49 0 Car 0 0.0 0 0 0 0 0 2.1 2.38 6.28 -20.016147128040604 1.88 27.104694319409543 -0.02
49 1 Car 0 0.0 0 0 0 0 0 1.48 2.16 4.8 -13.887578954446564 1.88 70.5681404798512 1.16
50 0 Car 0 0.0 0 0 0 0 0 2.1 2.38 6.28 -19.766993574576095 1.87 26.794013604211436 -0.02
50 1 Car 0 0.0 0 0 0 0 0 1.48 2.16 4.8 -13.739325095131983 1.87 69.92773373941327 1.16
51 0 Car 0 0.0 0 0 0 0 0 2.1 2.38 6.28 -19.45781296955479 1.87 26.493169203434793 -0.02
51 1 Car 0 0.0 0 0 0 0 0 1.48 2.16 4.8 -13.581071273013016 1.87 69.28729972424485 1.16
52 0 Car 0 0.0 0 0 0 0 0 2.1 2.38 6.28 -19.148632364533483 1.86 26.192324802658142 -0.02
52 1 Car 0 0.0 0 0 0 0 0 1.48 2.16 4.8 -13.432817413698434 1.86 68.64689298380692 1.16
53 0 Car 0 0.0 0 0 0 0 0 2.1 2.38 6.28 -18.66942511710715 1.86 25.901016694267597 -0.02
53 1 Car 0 0.0 0 0 0 0 0 1.48 2.16 4.8 -13.284590829114341 1.86 67.9964862805646 1.16
54 0 Car 0 0.0 0 0 0 0 0 2.1 2.38 6.28 -18.400244363303383 1.85 25.6002813924129 -0.02
54 1 Car 0 0.0 0 0 0 0 0 1.48 2.16 4.8 -13.146336932604143 1.85 67.35610681485717 1.21
55 0 Car 0 0.0 0 0 0 0 0 2.1 2.38 6.28 -18.00103681831213 1.85 25.30919148186625 -0.02
55 1 Car 0 0.0 0 0 0 0 0 1.48 2.16 4.8 -13.008083036093945 1.85 66.71572734914973 1.21
56 0 Car 0 0.0 0 0 0 0 0 2.1 2.38 6.28 -17.71264710608373 1.84 24.718402709223422 -0.02
56 1 Car 0 0.0 0 0 0 0 0 1.48 2.16 4.8 -12.870674656228857 1.84 65.76534903650636 1.21
57 0 Car 0 0.0 0 0 0 0 0 2.1 2.38 6.28 -17.33262124478662 1.84 24.727366232269286 -0.02
57 1 Car 0 0.0 0 0 0 0 0 1.48 2.16 4.8 -12.73160251780404 1.84 65.42496845493046 1.21
58 0 Car 0 0.0 0 0 0 0 0 2.1 2.38 6.28 -17.123440267809166 1.83 24.426794578797512 -0.02
58 1 Car 0 0.0 0 0 0 0 0 1.48 2.16 4.8 -12.593321346563355 1.83 64.79458895202741 1.21
59 0 Car 0 0.0 0 0 0 0 0 2.1 2.38 6.28 -16.985022722916042 1.82 23.84641488991638 -0.02
59 1 Car 0 0.0 0 0 0 0 0 1.48 2.16 4.8 -12.465885654772162 1.82 63.854237876918916 1.21
60 0 Car 0 0.0 0 0 0 0 0 2.1 2.38 6.28 -16.594996898814554 1.82 23.85535113823176 -0.02
60 1 Car 0 0.0 0 0 0 0 0 1.48 2.16 4.8 -12.346840716686602 1.82 63.5039118819996 1.26
61 0 Car 0 0.0 0 0 0 0 0 2.1 2.38 6.28 -16.23658017222497 1.81 23.274371405279908 -0.02
61 1 Car 0 0.0 0 0 0 0 0 1.48 2.16 4.8 -12.229377712969306 1.81 62.573588044425975 1.26
62 0 Car 0 0.0 0 0 0 0 0 2.1 2.38 6.28 -16.08734136078128 1.81 22.993965467959104 -0.02
62 1 Car 0 0.0 0 0 0 0 0 1.48 2.16 4.8 -12.111088219092888 1.81 61.943264703673385 1.26
63 0 Car 0 0.0 0 0 0 0 0 2.1 2.38 6.28 -15.678106615688183 1.8 22.71284819099345 -0.02
63 1 Car 0 0.0 0 0 0 0 0 1.48 2.16 4.8 -11.992834333455884 1.8 61.30293977168046 1.26
64 0 Car 0 0.0 0 0 0 0 0 2.1 2.38 6.28 -15.528079897614829 1.8 22.72243901286326 -0.02
64 1 Car 0 0.0 0 0 0 0 0 1.48 2.16 4.8 -11.873762165956988 1.8 60.962613723710106 1.26
65 0 Car 0 0.0 0 0 0 0 0 2.1 2.38 6.28 -15.12884511532248 1.8 22.441349011959662 -0.02
65 1 Car 0 0.0 0 0 0 0 0 1.48 2.16 4.8 -11.765508243120735 1.8 60.32231606777924 1.26
66 0 Car 0 0.0 0 0 0 0 0 2.1 2.38 6.28 -14.969609440248197 1.8 22.160913636545587 -0.02
66 1 Car 0 0.0 0 0 0 0 0 1.48 2.16 4.8 -11.667254283085233 1.8 59.68204568791044 1.32
67 0 Car 0 0.0 0 0 0 0 0 2.1 2.38 6.28 -14.7503739883694 1.79 21.880314604759125 -0.02
67 1 Car 0 0.0 0 0 0 0 0 1.48 2.16 4.8 -11.558973084186917 1.79 59.05174799478033 1.32
68 0 Car 0 0.0 0 0 0 0 0 2.1 2.38 6.28 -14.361111892815742 1.79 21.609251842718347 -0.02
68 1 Car 0 0.0 0 0 0 0 0 1.48 2.16 4.8 -11.460719124151415 1.79 58.411477614911526 1.32
69 0 Car 0 0.0 0 0 0 0 0 2.1 2.38 6.28 -14.051876775730168 1.78 21.328407326373316 -0.02
69 1 Car 0 0.0 0 0 0 0 0 1.48 2.16 4.8 -11.36241061199179 1.78 57.79120716064422 1.32
70 0 Car 0 0.0 0 0 0 0 0 2.1 2.38 6.28 -13.863377665929328 1.78 20.77789112715272 -0.02
70 1 Car 0 0.0 0 0 0 0 0 1.48 2.16 4.8 -11.264865829569922 1.78 56.89093774795585 1.32
71 0 Car 0 0.0 0 0 0 0 0 2.1 2.38 6.28 -13.66411486358997 1.77 20.50734661029114 -0.02
71 1 Car 0 0.0 0 0 0 0 0 1.48 2.16 4.8 -11.176584556273111 1.77 56.260694606949855 1.32
72 0 Car 0 0.0 0 0 0 0 0 2.1 2.38 6.28 -13.334825268778767 1.77 20.246447467423497 -0.02
72 1 Car 0 0.0 0 0 0 0 0 1.48 2.16 4.8 -11.09827596971499 1.77 55.64047870480668 1.37
73 0 Car 0 0.0 0 0 0 0 0 2.1 2.38 6.28 -13.01482645915468 1.77 20.24557463343748 -0.02
73 1 Car 0 0.0 0 0 0 0 0 1.48 2.16 4.8 -11.019203653419108 1.77 55.3002617610846 1.37
74 0 Car 0 0.0 0 0 0 0 0 2.1 2.38 6.28 -12.835563582416828 1.76 19.975084668700028 -0.02
74 1 Car 0 0.0 0 0 0 0 0 1.48 2.16 4.8 -10.93086782799817 1.76 54.690018545680104 1.37
75 0 Car 0 0.0 0 0 0 0 0 2.1 2.38 6.28 -12.476274099203366 1.76 19.71410369764619 -0.02
75 1 Car 0 0.0 0 0 0 0 0 1.48 2.16 4.8 -10.852531965377986 1.76 54.07980260633769 1.37
76 0 Car 0 0.0 0 0 0 0 0 2.1 2.38 6.28 -12.056984839185386 1.76 19.45295907021998 -0.02
76 1 Car 0 0.0 0 0 0 0 0 1.48 2.16 4.8 -10.7741961027578 1.76 53.46958666699527 1.37
77 0 Car 0 0.0 0 0 0 0 0 2.1 2.38 6.28 -11.837694835182463 1.75 19.19235996403502 -0.02
77 1 Car 0 0.0 0 0 0 0 0 1.48 2.16 4.8 -10.695860240137616 1.75 52.85937072765285 1.37
78 0 Car 0 0.0 0 0 0 0 0 2.1 2.38 6.28 -11.51914165684771 1.74 18.661489101609114 -0.02
78 1 Car 0 0.0 0 0 0 0 0 1.48 2.16 4.8 -10.628206241869757 1.74 51.999182994353674 1.37
79 0 Car 0 0.0 0 0 0 0 0 2.1 2.38 6.28 -11.379114901575107 1.74 18.671107199540987 -0.02
79 1 Car 0 0.0 0 0 0 0 0 1.48 2.16 4.8 -10.579133813976133 1.74 51.65904787881777 1.42
80 0 Car 0 0.0 0 0 0 0 0 2.1 2.38 6.28 -10.990537124397653 1.74 18.150043904003013 -0.02
80 1 Car 0 0.0 0 0 0 0 0 1.48 2.16 4.8 -10.52145926805946 1.74 50.80888598336482 1.42
81 0 Car 0 0.0 0 0 0 0 0 2.1 2.38 6.28 -10.57122055487568 1.73 17.89889929521293 -0.02
81 1 Car 0 0.0 0 0 0 0 0 1.48 2.16 4.8 -10.46309597506239 1.73 50.208724566718814 1.42
82 0 Car 0 0.0 0 0 0 0 0 2.1 2.38 6.28 -10.351194098448731 1.73 17.90829921394659 -0.02
82 1 Car 0 0.0 0 0 0 0 0 1.48 2.16 4.8 -10.403996264342164 1.73 49.8785621457912 1.42
83 0 Car 0 0.0 0 0 0 0 0 2.1 2.38 6.28 -10.211903762180015 1.73 17.64791833480577 -0.02
83 1 Car 0 0.0 0 0 0 0 0 1.48 2.16 4.8 -10.34557842188412 1.73 49.29840065475396 1.42
84 0 Car 0 0.0 0 0 0 0 0 2.1 2.38 6.28 -9.862586932288735 1.73 17.3969646491291 -0.02
84 1 Car 0 0.0 0 0 0 0 0 1.48 2.16 4.8 -10.297187816960948 1.73 48.70826647564283 1.42
85 0 Car 0 0.0 0 0 0 0 0 2.1 2.38 6.28 -9.573979022216433 1.72 16.886175578921346 -0.02
85 1 Car 0 0.0 0 0 0 0 0 1.48 2.16 4.8 -10.259451768373857 1.72 47.87816046395695 1.47
86 0 Car 0 0.0 0 0 0 0 0 2.1 2.38 6.28 -9.094635401137666 1.72 16.644867284552724 -0.02
86 1 Car 0 0.0 0 0 0 0 0 1.48 2.16 4.8 -10.221033851524583 1.72 47.2980535223807 1.47
87 0 Car 0 0.0 0 0 0 0 0 2.1 2.38 6.28 -8.835318236485847 1.72 16.39415907145044 -0.02
87 1 Car 0 0.0 0 0 0 0 0 1.48 2.16 4.8 -10.18261593467531 1.72 46.71794658080443 1.47
88 0 Car 0 0.0 0 0 0 0 0 2.1 2.38 6.28 -8.695291482493975 1.72 16.403777188028 -0.02
88 1 Car 0 0.0 0 0 0 0 0 1.48 2.16 4.8 -10.143488874833364 1.72 46.39783867214217 1.47
89 0 Car 0 0.0 0 0 0 0 0 2.1 2.38 6.28 -8.296656706842953 1.71 15.902688058589273 -0.02
89 1 Car 0 0.0 0 0 0 0 0 1.48 2.16 4.8 -10.095725588711401 1.71 45.57770534853019 1.47
90 0 Car 0 0.0 0 0 0 0 0 2.1 2.38 6.28 -7.946630733959002 1.71 15.911733405826602 -0.02
90 1 Car 0 0.0 0 0 0 0 0 1.48 2.16 4.8 -10.05657125413897 1.71 45.26759740267232 1.47
91 0 Car 0 0.0 0 0 0 0 0 2.1 2.38 6.28 -7.697286257381081 1.71 15.671052430259186 -0.02
91 1 Car 0 0.0 0 0 0 0 0 1.48 2.16 4.8 -10.028098750633106 1.71 44.70751766143532 1.47
92 0 Car 0 0.1 0 0 0 0 0 2.1 2.38 6.28 -7.377942041172467 1.71 15.43018053157836 -0.02
92 1 Car 0 0.1 0 0 0 0 0 1.48 2.16 4.8 -10.009653484662113 1.71 44.13746523212441 1.52
93 0 Car 0 0.3 0 0 0 0 0 2.1 2.38 6.28 -7.10927950724796 1.7 14.939445936440354 -0.02
93 1 Car 0 0.3 0 0 0 0 0 1.48 2.16 4.8 -9.981835574687944 1.7 43.337386383582185 1.52
94 0 Car 0 0.4 0 0 0 0 0 2.1 2.38 6.28 -6.709253720342086 1.7 14.948354910025245 -0.02
94 1 Car 0 0.4 0 0 0 0 0 1.48 2.16 4.8 -9.962681165724282 1.7 43.02733298718528 1.52
95 0 Car 0 0.5 0 0 0 0 0 2.1 2.38 6.28 -6.460563837295861 1.69 14.4676748271526 -0.02
95 1 Car 0 0.5 0 0 0 0 0 1.48 2.16 4.8 -9.94483594382401 1.69 42.237281376177926 1.52
96 0 Car 0 0.6 0 0 0 0 0 2.1 2.38 6.28 -6.180537604042602 1.69 14.47691109750334 -0.02
96 1 Car 0 0.6 0 0 0 0 0 1.48 2.16 4.8 -9.925681534860347 1.69 41.927227979781016 1.52
97 0 Car 0 0.6 0 0 0 0 0 2.1 2.38 6.28 -5.851166150299116 1.69 14.246011886896412 -0.02
97 1 Car 0 0.6 0 0 0 0 0 1.48 2.16 4.8 -9.897154481893509 1.69 41.387148164152784 1.52
98 0 Car 0 0.6 0 0 0 0 0 2.1 2.38 6.28 -5.431822306046656 1.69 14.004867240910711 -0.02
98 1 Car 0 0.6 0 0 0 0 0 1.48 2.16 4.8 -9.888627354535439 1.69 40.84712289798552 1.52
99 0 Car 0 0.6 0 0 0 0 0 2.1 2.38 6.28 -5.123078096713148 1.68 13.54402343526391 -0.02
99 1 Car 0 0.6 0 0 0 0 0 1.48 2.16 4.8 -9.880754820709065 1.68 40.067098524513035 1.57
100 0 Car 0 0.6 0 0 0 0 0 2.1 2.38 6.28 -4.713654166457385 1.68 13.332905324760953 -0.02
100 1 Car 0 0.6 0 0 0 0 0 1.48 2.16 4.8 -9.872151136502342 1.68 39.557071832202844 1.57
101 0 Car 0 0.6 0 0 0 0 0 2.1 2.38 6.28 -4.324173811524067 1.68 13.141842368851083 -0.02
101 1 Car 0 0.6 0 0 0 0 0 1.48 2.16 4.8 -9.863514843639914 1.68 39.05704641840311 1.57
102 0 Car 0 0.6 0 0 0 0 0 2.1 2.38 6.28 -4.014174964475557 1.68 13.14099689348482 -0.02
102 1 Car 0 0.6 0 0 0 0 0 1.48 2.16 4.8 -9.864333045607266 1.68 38.757047534162616 1.57
103 0 Car 0 0.6 0 0 0 0 0 2.1 2.38 6.28 -3.5746402487043336 1.68 12.969797496196424 -0.02
103 1 Car 0 0.6 0 0 0 0 0 1.48 2.16 4.8 -9.8556149325481 1.68 38.28702200878693 1.57
104 0 Car 0 0.6 0 0 0 0 0 2.1 2.38 6.28 -3.32554120066801 1.67 12.639116888559089 -0.02
104 1 Car 0 0.6 0 0 0 0 0 1.48 2.16 4.8 -9.84733319387152 1.67 37.656997078482995 1.57
105 0 Car 0 0.6 0 0 0 0 0 2.1 2.38 6.28 -2.975515228988523 1.67 12.648162282405195 -0.02
105 1 Car 0 0.6 0 0 0 0 0 1.48 2.16 4.8 -9.838124159631944 1.67 37.366970883651604 1.57
106 0 Car 0 0.6 0 0 0 0 0 2.1 2.38 6.28 -2.83641577184038 1.67 12.31778168215589 -0.02
106 1 Car 0 0.6 0 0 0 0 0 1.48 2.16 4.8 -9.839815110364471 1.67 36.74697318955458 1.57
107 0 Car 0 0.6 0 0 0 0 0 2.1 2.38 6.28 -2.6264165528720356 1.67 12.317208940778743 -0.02
107 1 Car 0 0.6 0 0 0 0 0 1.48 2.16 4.8 -9.840606038932911 1.67 36.4569742681221 1.57
108 0 Car 0 0.6 0 0 0 0 0 2.1 2.38 6.28 -2.1372911240444052 1.67 11.995873734375541 -0.02
108 1 Car 0 0.6 0 0 0 0 0 1.48 2.16 4.8 -9.842296989665439 1.67 35.83697657402509 1.57
109 0 Car 0 0.6 0 0 0 0 0 2.1 2.38 6.28 -1.807723997995845 1.67 11.834975029423168 -0.02
109 1 Car 0 0.6 0 0 0 0 0 1.48 2.16 4.8 -9.843482879038506 1.67 35.39698214269227 1.57
110 0 Car 0 0.6 0 0 0 0 0 2.1 2.38 6.28 -1.3376984691375378 1.67 11.843692954719279 -0.02
110 1 Car 0 0.6 0 0 0 0 0 1.48 2.16 4.8 -9.844246646060384 1.67 35.1169831843729 1.57
111 0 Car 0 0.6 0 0 0 0 0 2.1 2.38 6.28 -0.8681093785774464 1.67 11.692411475261459 -0.02
111 1 Car 0 0.6 0 0 0 0 0 1.48 2.16 4.8 -9.835474165976997 1.67 34.66695758110883 1.57
112 0 Car 0 0.6 0 0 0 0 0 2.1 2.38 6.28 -0.43854741659947616 1.66 11.531239142581075 -0.02
112 1 Car 0 0.6 0 0 0 0 0 1.48 2.16 4.8 -9.836674371297091 1.66 34.226959218035525 1.57
113 0 Car 0 0.5 0 0 0 0 0 2.1 2.38 6.28 -0.1989847477667975 1.66 11.37058508037982 -0.02
113 1 Car 0 0.5 0 0 0 0 0 1.48 2.16 4.8 -9.837901854010823 1.66 33.77696089216509 1.57
114 0 Car 0 0.4 0 0 0 0 0 2.1 2.38 6.28 -0.059421706905324966 1.66 11.210203792114953 -0.02
114 1 Car 0 0.4 0 0 0 0 0 1.48 2.16 4.8 -9.839102059330918 1.66 33.33696252909179 1.57
115 0 Car 0 0.2 0 0 0 0 0 2.1 2.38 6.28 0.22014081311583614 1.66 11.049440620339144 -0.02
115 1 Car 0 0.2 0 0 0 0 0 1.48 2.16 4.8 -9.840302264651012 1.66 32.89696416601848 1.57
116 0 Car 0 0.1 0 0 0 0 0 2.1 2.38 6.28 0.38924002667681595 1.66 10.71897813234231 -0.02
116 1 Car 0 0.1 0 0 0 0 0 1.48 2.16 4.8 -9.841938908269322 1.66 32.296966398191245 1.57
117 0 Car 0 0.0 0 0 0 0 0 2.1 2.38 6.28 0.61923917101059 1.66 10.718350752288623 -0.02
117 1 Car 0 0.0 0 0 0 0 0 1.48 2.16 4.8 -9.832675435100441 1.66 32.02694012527535 1.57
118 0 Car 0 0.0 0 0 0 0 0 2.1 2.38 6.28 0.8388019142490275 1.66 10.557751244874648 -0.02
118 1 Car 0 0.0 0 0 0 0 0 1.48 2.16 4.8 -9.833848363026897 1.66 31.596941724999166 1.57
119 0 Car 0 0.0 0 0 0 0 0 2.1 2.38 6.28 1.3283636530097214 1.66 10.396415247832431 -0.02
119 1 Car 0 0.0 0 0 0 0 0 1.48 2.16 4.8 -9.835048568346991 1.66 31.15694336192586 1.57
120 0 Car 0 0.0 0 0 0 0 0 2.1 2.38 6.28 1.4979265822625558 1.65 10.235952127386646 -0.02
120 1 Car 0 0.0 0 0 0 0 0 1.48 2.16 4.8 -9.836221496273446 1.65 30.72694496164967 1.57
121 0 Car 0 0.0 0 0 0 0 0 2.1 2.38 6.28 1.7074893627038725 1.65 10.075379897366307 -0.02
121 1 Car 0 0.0 0 0 0 0 0 1.48 2.16 4.8 -9.837394424199902 1.65 30.296946561373485 1.57
122 0 Car 0 0.0 0 0 0 0 0 2.1 2.38 6.28 2.0470516595077575 1.65 9.91445306122867 -0.02
122 1 Car 0 0.0 0 0 0 0 0 1.48 2.16 4.8 -9.83854007473272 1.65 29.876948123894422 1.57
123 0 Car 0 0.0 0 0 0 0 0 2.1 2.38 6.28 2.4566136958914866 1.65 9.753335283335561 -0.02
123 1 Car 0 0.0 0 0 0 0 0 1.48 2.16 4.8 -9.829713039862055 1.65 29.446922446224598 1.57
124 0 Car 0 0.0 0 0 0 0 0 2.1 2.38 6.28 2.5957130210611044 1.65 9.422954627519642 -0.02
124 1 Car 0 0.0 0 0 0 0 0 1.48 2.16 4.8 -9.831322406086725 1.65 28.856924641194478 1.57
125 0 Car 0 0.0 0 0 0 0 0 2.1 2.38 6.28 3.065738549919412 1.65 9.431672552815753 -0.02
125 1 Car 0 0.0 0 0 0 0 0 1.48 2.16 4.8 -9.832004340927687 1.65 28.606925571266462 1.57
126 0 Car 0 0.0 0 0 0 0 0 2.1 2.38 6.28 3.255301404766487 1.65 9.27115487758269 -0.02
126 1 Car 0 0.0 0 0 0 0 0 1.48 2.16 4.8 -9.833177268854143 1.65 28.17692717099028 1.57
127 0 Car 0 0.0 0 0 0 0 0 2.1 2.38 6.28 3.704863292338699 1.65 9.109927990115029 -0.02
127 1 Car 0 0.0 0 0 0 0 0 1.48 2.16 4.8 -9.834322919386961 1.65 27.756928733511213 1.57
128 0 Car 0 0.0 0 0 0 0 0 2.1 2.38 6.28 4.144452494507428 1.64 8.958728342838127 -0.02
128 1 Car 0 0.0 0 0 0 0 0 1.48 2.16 4.8 -9.83544129252614 1.64 27.346930258829268 1.57
129 0 Car 0 0.0 0 0 0 0 0 2.1 2.38 6.28 4.524014642499796 1.64 8.797692397125934 -0.02
129 1 Car 0 0.0 0 0 0 0 0 1.48 2.16 4.8 -9.836586943058956 1.64 26.926931821350202 1.57
130 0 Car 0 0.0 0 0 0 0 0 2.1 2.38 6.28 4.712650065963162 1.64 8.297175986790771 -0.02
130 1 Car 0 0.0 0 0 0 0 0 1.48 2.16 4.8 -9.828632784784723 1.64 26.176907334172512 1.57
131 0 Car 0 0.0 0 0 0 0 0 2.1 2.38 6.28 4.852676822516489 1.64 8.306794066076954 -0.02
131 1 Car 0 0.0 0 0 0 0 0 1.48 2.16 4.8 -9.829287442232047 1.64 25.93690822704162 1.57
132 0 Car 0 0.0 0 0 0 0 0 2.1 2.38 6.28 5.291775031599725 1.64 7.975595088451878 -0.02
132 1 Car 0 0.0 0 0 0 0 0 1.48 2.16 4.8 -9.830869531063081 1.64 25.35691038480862 1.57
133 0 Car 0 0.0 0 0 0 0 0 2.1 2.38 6.28 5.499973942359118 1.63 7.3150247185755095 -0.02
133 1 Car 0 0.0 0 0 0 0 0 1.48 2.16 4.8 -9.833351773884184 1.63 24.44691377027065 1.57
134 0 Car 0 0.0 0 0 0 0 0 2.1 2.38 6.28 5.690000512898047 1.63 7.324506410893498 -0.02
134 1 Car 0 0.0 0 0 0 0 0 1.48 2.16 4.8 -9.834006431331508 1.63 24.206914663139756 1.57
135 0 Car 0 0.0 0 0 0 0 0 2.1 2.38 6.28 5.899099577647509 1.63 6.9939348133221095 -0.02
135 1 Car 0 0.0 0 0 0 0 0 1.48 2.16 4.8 -9.835588520162542 1.63 23.62691682090676 1.57
136 0 Car 0 0.0 0 0 0 0 0 2.1 2.38 6.28 5.8682118272603665 1.63 6.9384933487322416 -0.06
136 1 Car 0 0.0 0 0 0 0 0 1.48 2.16 4.8 -10.843900190595004 1.63 22.61109083296101 1.53
137 0 Car 0 0.0 0 0 0 0 0 2.1 2.38 6.28 6.261114296689016 1.63 6.634474188946432 -0.06
137 1 Car 0 0.0 0 0 0 0 0 1.48 2.16 4.8 -10.830330621231003 1.63 22.04116463880314 1.53
138 1 Car 0 0.0 0 0 0 0 0 1.48 2.16 4.8 -10.806769598483111 1.62 21.47165179592155 1.53
139 1 Car 0 0.0 0 0 0 0 0 1.48 2.16 4.8 -10.79320002911911 1.62 20.901725601763676 1.53
140 1 Car 0 0.0 0 0 0 0 0 1.48 2.16 4.8 -10.770052357647497 1.62 20.342204212265973 1.53
141 1 Car 0 0.0 0 0 0 0 0 1.48 2.16 4.8 -10.756482788283495 1.62 19.772278018108103 1.53
142 1 Car 0 0.0 0 0 0 0 0 1.48 2.16 4.8 -10.733335116811883 1.62 19.2127566286104 1.53
143 1 Car 0 0.0 0 0 0 0 0 1.48 2.16 4.8 -10.72017889872416 1.61 18.652821887836414 1.53
144 1 Car 0 0.0 0 0 0 0 0 1.48 2.16 4.8 -10.697031227252548 1.61 18.09330049833871 1.53
145 1 Car 0 0.0 0 0 0 0 0 1.48 2.16 4.8 -10.673883555780938 1.61 17.533779108841006 1.53
146 1 Car 0 0.0 0 0 0 0 0 1.48 2.16 4.8 -10.660727337693213 1.61 16.97384436806702 1.53
147 1 Car 0 0.0 0 0 0 0 0 1.48 2.16 4.8 -10.6317927483537 1.61 16.27444263119489 1.53
148 1 Car 0 0.0 0 0 0 0 0 1.48 2.16 4.8 -10.612849612398074 1.6 15.57462754304648 1.53
149 1 Car 0 0.0 0 0 0 0 0 1.48 2.16 4.8 -10.590257337709135 1.6 14.5446811419535 1.53
150 1 Car 0 0.0 0 0 0 0 0 1.48 2.16 4.8 -10.946471786552761 1.6 13.557568197365057 1.5
151 1 Car 0 0.0 0 0 0 0 0 1.48 2.16 4.8 -10.918863760632377 1.6 12.857826961689485 1.5
152 1 Car 0 0.0 0 0 0 0 0 1.48 2.16 4.8 -10.891255734711992 1.6 12.158085726013908 1.5
153 1 Car 0 0.0 0 0 0 0 0 1.48 2.16 4.8 -10.863647708791607 1.6 11.458344490338334 1.5
